ViewShed-Visualize/viewshed_visualize/raster.asc
ncols        736
nrows        589
xllcorner    34.904583333285
yllcorner    31.432916666673
cellsize     0.000833333333
NODATA_value -32768
[rows 126 to 167 of 589, columns 0 to 92 of 736]
143 134 124 120 116 116 118 118 123 128 133 138 140 144 142 133 130 133 127 124 120 122 122 123 124 124 125 129 133 137 138 140 143 145 147 151 156 159 163 160 160 157 153 156 168 174 174 174 173 167 161 162 169 178 181 174 170 173 174 170 164 164 164 167 172 179 182 184 191 195 195 197 201 197 195 196 199 203 209 216 222 234 244 252 254 262 269 274 273 279 279 273 275
134 129 121 116 113 116 121 121 126 130 130 133 135 141 140 132 125 124 120 120 121 123 122 123 127 129 128 126 128 132 134 137 138 141 144 153 164 168 169 167 167 168 165 163 160 166 168 168 170 168 165 167 171 179 184 182 179 179 177 173 167 167 169 170 172 172 175 181 184 186 185 186 188 191 193 194 198 204 207 213 223 237 250 258 264 275 282 290 295 294 291 289 289
125 121 117 114 114 116 121 124 127 129 129 128 130 130 129 128 122 119 120 122 123 121 124 129 135 137 135 130 129 134 138 142 140 140 144 153 162 168 173 175 180 182 180 175 168 164 165 166 168 170 168 171 174 179 187 188 187 185 180 178 179 176 171 172 175 175 175 176 178 179 181 184 187 190 193 197 201 204 208 214 224 234 245 254 264 277 289 297 302 306 302 302 302
120 117 115 115 115 116 122 126 129 129 126 123 126 125 124 122 119 118 119 121 123 124 128 137 145 144 142 134 130 134 142 150 148 146 144 148 153 159 170 179 186 188 187 183 174 170 169 167 168 171 171 172 175 182 188 193 191 186 185 188 187 182 178 174 174 178 179 181 181 183 189 194 197 198 199 203 205 210 213 216 224 231 239 248 260 272 286 296 305 312 309 303 302
116 113 114 114 114 116 120 123 128 130 126 119 120 122 120 118 118 119 122 122 124 125 129 135 144 145 142 136 132 136 141 147 149 150 149 147 149 157 169 177 180 184 185 183 178 174 172 168 168 171 175 175 180 185 192 195 194 192 195 197 192 187 182 176 175 175 176 180 184 189 193 196 200 202 203 207 215 220 223 227 237 243 252 264 274 279 282 292 302 304 299 292 290
112 111 111 112 113 115 116 118 123 125 124 119 117 117 116 118 120 122 125 128 127 128 128 131 137 141 141 140 137 137 138 142 148 155 157 155 155 157 164 169 173 179 187 191 189 184 179 172 170 171 175 179 186 190 196 199 202 203 206 205 201 189 182 180 183 182 179 179 183 187 191 195 199 201 203 207 217 226 236 241 250 257 268 275 274 271 274 284 289 292 286 278 276
110 108 109 108 109 113 114 114 117 118 116 115 114 115 116 119 120 126 129 135 137 136 132 132 133 135 137 138 140 137 137 138 146 155 159 161 167 169 172 179 188 189 190 197 198 192 182 175 172 177 180 185 191 196 206 210 212 215 216 213 207 201 195 188 191 186 183 184 186 187 189 191 193 196 199 204 214 227 240 252 258 259 263 265 263 260 269 272 275 277 272 266 268
108 109 107 109 108 110 111 113 112 113 110 112 114 116 118 120 122 128 135 142 144 142 141 138 134 135 137 143 149 147 143 140 146 154 161 164 170 172 177 184 193 201 201 201 197 192 188 180 177 181 190 196 202 209 216 218 218 220 219 213 210 210 206 198 198 195 188 191 193 193 192 191 195 200 201 203 210 223 242 257 262 256 253 254 250 255 263 263 262 263 262 259 267
108 109 107 109 111 111 113 112 112 115 114 114 115 117 119 122 124 130 136 142 143 145 145 144 141 142 143 147 153 155 153 146 146 150 155 158 164 168 174 180 188 196 200 201 199 195 191 186 183 187 198 208 214 219 220 220 217 214 214 211 210 211 209 204 202 199 196 194 201 202 199 198 201 207 209 209 211 223 238 249 254 249 245 244 242 247 253 252 251 252 251 253 260
108 108 112 116 118 121 121 120 118 117 116 117 119 118 120 125 131 135 135 137 140 143 146 147 146 145 145 147 155 155 152 154 152 154 152 155 160 164 168 172 178 191 197 198 196 196 195 191 190 196 203 215 220 215 214 216 213 205 204 204 207 212 211 209 208 203 200 202 212 214 212 207 201 205 210 214 221 226 232 236 236 236 233 233 235 239 239 241 242 246 251 256 259
111 113 116 119 124 127 130 131 131 125 119 122 122 119 120 124 132 140 144 147 145 144 146 147 148 146 147 148 153 153 153 157 162 169 167 163 167 174 183 182 187 187 191 193 192 194 196 196 200 204 204 206 209 209 209 212 210 202 197 198 204 211 213 213 215 209 206 211 225 227 223 216 209 206 207 212 221 228 232 232 228 225 225 226 229 231 235 241 245 252 264 275 279
114 118 122 125 128 134 135 136 134 131 127 129 130 124 121 124 130 136 141 142 141 140 142 145 147 147 149 150 150 152 155 159 166 178 176 174 175 182 191 194 198 197 197 197 194 195 198 199 206 209 206 202 199 199 202 208 207 201 194 195 200 210 214 213 211 211 212 217 230 236 233 228 224 218 213 213 218 225 226 226 223 222 222 225 230 234 242 248 256 263 272 286 292
116 119 125 129 131 134 137 137 136 135 137 136 135 128 122 122 126 130 134 138 138 139 140 141 142 143 146 148 151 154 155 159 166 175 180 181 183 188 199 201 201 200 196 198 200 198 198 200 201 203 201 199 197 196 196 201 202 198 192 194 205 211 211 211 209 212 217 223 232 240 242 237 231 227 221 218 219 224 224 219 217 217 224 230 237 244 250 256 262 271 281 292 298
121 122 124 129 133 135 139 140 140 141 142 140 135 129 126 126 126 133 139 147 150 153 152 145 141 144 148 149 150 157 160 161 167 171 175 178 181 186 194 196 200 199 197 197 199 199 196 196 197 193 195 198 196 191 188 192 192 190 189 196 206 208 206 205 205 208 214 219 227 235 238 240 237 233 226 223 223 224 221 214 211 213 222 232 241 252 255 255 258 266 277 290 301
127 126 129 131 135 138 139 141 141 141 141 138 133 132 132 130 130 135 141 151 159 165 165 153 146 150 154 155 159 162 163 165 169 172 174 173 176 179 187 192 203 207 201 198 195 192 190 193 193 189 189 191 191 188 183 181 183 183 190 196 202 205 203 199 203 214 215 211 217 219 225 234 241 236 227 219 221 224 220 212 210 215 222 232 241 250 250 249 254 263 274 286 295
131 131 133 133 135 135 135 137 138 140 142 137 134 135 137 138 138 140 147 161 166 169 164 155 157 158 160 160 163 164 164 165 169 171 171 170 175 184 190 197 205 209 204 198 190 185 185 189 187 185 185 187 188 185 179 174 178 186 195 195 201 200 197 200 213 223 217 206 205 208 216 227 236 235 224 214 215 219 219 212 208 213 219 224 231 238 240 245 252 260 269 277 282
133 134 134 133 130 131 133 135 136 139 141 140 138 138 139 141 144 147 153 162 166 163 159 158 159 158 159 161 162 162 162 164 165 166 168 169 176 186 193 198 201 202 202 202 190 178 181 181 176 177 182 184 184 181 175 177 189 196 196 192 196 193 198 210 219 223 213 202 200 203 211 221 222 224 220 210 207 209 211 209 205 209 212 215 221 226 239 245 247 252 260 269 279
132 135 133 131 127 129 130 131 134 137 138 139 140 141 141 143 146 149 152 154 154 153 155 156 156 155 155 158 156 158 159 160 162 165 170 171 175 185 191 193 195 196 200 200 181 174 176 173 170 173 177 181 179 174 171 178 195 201 193 186 183 191 201 214 222 223 216 203 196 200 205 207 208 209 207 204 202 201 201 201 202 205 207 212 218 226 234 239 243 250 261 276 287
135 135 131 128 125 126 126 127 129 130 134 135 137 137 137 141 144 146 148 147 148 149 150 150 148 149 151 152 152 155 157 158 164 170 176 179 177 182 182 181 184 191 199 197 180 169 167 166 169 170 175 179 179 174 168 176 185 190 187 178 181 190 194 211 219 217 210 200 195 200 198 196 196 197 195 196 196 195 196 201 206 210 213 217 220 226 231 239 247 260 268 276 281
135 134 129 125 123 125 126 128 129 131 132 133 133 133 135 138 139 141 141 142 143 145 146 147 149 149 152 155 156 158 161 161 164 173 177 184 181 177 174 173 186 197 197 190 174 167 163 162 163 166 166 171 175 172 166 170 178 181 178 177 185 187 192 203 202 195 198 196 199 199 191 191 190 188 190 191 190 193 198 205 210 215 222 229 230 233 235 242 251 256 260 263 265
131 130 124 122 123 125 129 131 133 136 137 136 137 135 136 140 143 143 145 143 145 147 149 150 152 152 155 159 162 163 164 165 168 171 174 174 174 168 165 172 183 190 194 185 172 169 162 158 158 159 162 165 167 166 167 168 168 168 170 173 176 178 181 186 184 184 184 186 189 187 185 186 186 186 189 191 194 198 204 209 215 221 226 229 232 235 238 241 243 248 249 251 255
129 125 121 119 123 125 128 132 136 139 141 141 141 140 141 143 146 148 150 148 150 151 151 154 156 157 158 163 164 166 167 167 167 166 166 162 160 165 170 178 182 187 189 179 169 167 159 156 156 154 157 158 159 161 163 164 165 164 167 167 169 171 171 172 175 176 175 179 180 181 181 184 184 185 190 195 200 204 208 212 217 222 221 222 224 226 229 234 237 241 243 246 251
122 120 118 120 122 124 127 131 135 138 140 140 141 142 143 145 146 149 151 151 152 155 156 156 158 159 161 164 166 166 163 162 160 162 160 157 160 174 179 179 178 180 174 168 159 157 154 155 155 157 158 159 161 162 166 170 170 168 169 172 173 172 172 173 175 176 177 181 185 192 193 186 184 187 190 197 199 202 207 213 216 215 214 214 219 224 228 234 241 244 246 251 260
120 117 118 121 124 125 127 131 132 135 135 135 139 140 142 142 142 144 144 148 150 156 157 160 159 160 163 166 166 166 161 154 155 156 152 151 153 165 168 164 158 160 157 156 154 155 156 158 160 161 161 163 165 167 177 183 183 178 174 176 178 177 177 178 182 187 191 195 203 211 213 203 189 187 190 192 194 199 204 206 207 209 212 217 223 229 234 240 248 259 260 265 276
115 116 119 122 123 124 127 129 128 130 131 132 135 137 139 137 138 139 143 145 150 154 157 159 162 161 164 165 165 162 156 148 146 148 146 145 146 149 148 151 150 150 151 153 155 157 159 162 168 173 167 167 175 183 187 192 194 196 194 194 194 194 194 187 185 196 202 208 208 211 212 209 201 193 189 191 193 196 198 198 202 207 215 223 228 233 235 240 246 256 267 278 291
114 116 119 121 122 123 124 125 127 127 127 128 131 133 134 134 135 140 146 150 153 155 157 158 158 158 159 161 162 157 147 142 141 143 143 144 147 148 151 153 152 153 154 156 159 159 163 169 179 186 179 172 174 179 185 187 190 193 197 199 202 205 210 204 195 190 196 207 211 213 215 213 202 196 192 192 194 195 195 197 200 204 212 222 227 231 234 236 239 247 256 269 286
114 116 119 119 117 120 121 123 124 123 123 126 128 129 131 133 134 139 147 151 154 157 159 159 157 153 155 155 151 147 141 142 145 144 146 148 150 153 155 157 157 153 156 161 165 167 173 173 182 192 194 188 180 177 180 180 181 183 184 190 195 202 211 215 206 197 196 202 210 217 220 216 208 203 200 201 200 197 199 201 204 205 206 210 218 226 229 231 233 240 247 255 266
113 115 117 118 118 119 121 120 121 123 126 127 128 130 133 136 139 142 145 148 153 156 158 157 154 149 146 144 141 140 141 144 148 150 151 154 159 158 158 162 162 158 158 167 173 182 188 182 182 192 198 195 190 183 178 182 185 185 185 188 189 194 200 209 214 212 204 198 203 210 214 217 214 212 210 210 207 206 209 217 222 212 208 208 212 215 219 224 227 231 239 245 255
111 113 115 117 117 118 119 120 120 122 125 128 130 133 133 136 139 138 140 143 147 152 153 152 148 143 137 137 139 139 143 145 152 157 161 164 168 166 167 170 167 163 160 168 175 186 193 191 187 192 200 200 197 190 188 195 197 197 196 196 195 194 196 202 209 215 213 201 198 203 206 213 223 224 222 223 222 221 226 235 242 238 226 227 224 221 217 220 225 229 234 241 248
111 115 117 117 117 117 118 120 120 120 124 126 127 129 131 134 134 133 135 138 142 144 141 140 136 135 134 137 140 144 150 151 159 165 169 171 174 175 175 179 175 175 169 165 169 180 191 196 196 197 206 210 206 200 197 202 209 208 208 210 209 203 201 200 202 211 215 209 206 204 205 210 221 233 242 242 241 237 243 249 250 245 243 244 238 233 230 219 220 227 231 234 239
113 116 116 118 116 117 118 120 120 120 121 122 123 125 126 127 128 128 130 131 133 133 134 135 134 134 138 140 143 149 160 165 168 173 174 177 178 181 183 184 185 186 179 173 171 173 184 194 203 208 213 217 216 210 207 211 218 220 220 219 217 215 214 210 204 209 214 217 215 208 207 210 217 230 243 254 258 255 257 258 254 249 256 258 251 245 247 234 221 222 226 229 234
113 115 115 116 114 114 117 118 120 120 120 122 121 121 123 123 126 128 127 127 130 130 130 133 136 139 146 152 155 156 163 170 173 173 174 175 178 178 182 185 189 192 190 183 174 172 179 186 196 207 216 222 226 223 219 220 230 234 234 232 231 225 222 217 212 210 216 225 228 223 217 213 217 228 239 252 265 270 270 266 258 256 262 264 261 259 256 249 234 224 228 233 235
113 114 114 114 114 115 117 119 119 120 119 119 120 122 126 128 129 130 130 130 132 132 130 134 138 143 153 162 164 166 168 173 173 171 169 172 173 176 179 183 189 195 194 189 180 177 177 182 191 200 210 219 229 234 235 235 240 246 248 245 243 235 228 221 216 215 219 231 236 234 229 221 219 224 235 247 264 275 282 271 266 272 275 271 270 269 264 252 237 230 235 244 248
113 114 114 113 115 116 116 118 118 119 119 119 122 125 128 132 132 132 133 135 135 134 134 136 142 148 156 161 164 165 165 168 166 164 163 167 171 174 176 177 180 186 189 190 186 180 180 181 186 194 204 214 224 237 247 251 256 262 264 260 254 246 235 226 222 219 223 239 247 244 241 232 226 229 238 251 266 282 291 284 282 289 290 284 282 277 267 254 238 233 240 251 260
112 114 114 115 115 116 118 117 117 119 120 121 123 126 127 130 134 135 137 139 140 139 138 136 137 144 148 149 151 152 154 154 155 158 163 165 166 167 168 169 173 179 183 187 191 192 188 185 186 190 200 209 219 231 246 257 267 270 277 273 265 254 244 234 227 222 226 240 253 255 251 243 238 241 245 257 272 290 300 298 297 303 303 297 289 278 266 257 243 237 247 261 269
113 113 115 114 117 117 117 117 117 118 118 122 122 125 125 128 132 136 137 139 143 145 146 147 144 140 140 144 148 149 147 149 151 157 159 159 161 161 162 166 169 174 179 181 186 193 194 193 192 193 195 204 212 221 233 246 264 273 281 279 275 263 254 244 236 226 228 239 253 261 259 254 250 254 258 269 284 298 309 311 312 315 311 303 295 281 265 250 242 242 252 264 274
115 114 115 116 116 117 118 117 119 119 119 120 123 124 127 128 130 134 137 138 143 147 149 151 152 148 147 149 154 157 155 149 152 157 158 160 163 165 168 170 171 172 175 178 186 188 195 202 200 198 197 200 206 216 230 242 252 263 272 281 282 278 270 257 247 237 233 241 253 267 269 261 258 266 277 284 295 306 316 326 330 327 316 305 294 280 259 250 245 242 248 261 273
116 115 115 116 116 117 117 117 118 118 121 122 120 123 128 130 132 136 139 143 148 152 154 156 157 151 151 150 153 157 156 152 157 162 164 167 170 174 175 175 176 174 176 182 192 197 207 215 216 211 205 206 209 212 223 231 238 250 261 273 288 290 279 271 257 248 238 242 255 271 280 274 267 279 291 296 303 312 327 346 346 329 315 302 289 278 268 264 253 247 249 254 262
118 119 117 117 118 118 119 118 119 119 121 123 121 122 126 128 131 135 139 143 147 152 158 161 162 159 156 152 152 156 158 156 157 164 168 170 174 177 180 181 182 180 182 188 201 211 220 231 231 225 220 218 217 218 220 226 232 245 260 273 290 300 288 278 265 252 243 243 255 273 283 284 278 287 296 306 311 319 340 363 360 332 316 306 294 292 286 274 257 258 262 255 256
119 121 120 120 119 118 119 122 122 120 120 120 121 123 126 127 130 134 138 140 144 148 158 167 168 166 160 158 156 157 161 159 158 164 168 170 175 181 182 181 186 189 187 192 205 221 239 250 251 248 244 238 234 233 233 241 241 247 258 272 286 303 301 288 274 259 249 250 254 266 285 291 289 290 300 310 325 342 357 375 368 343 320 306 308 300 284 270 260 265 269 259 258
123 122 122 122 120 119 121 128 127 121 120 120 120 122 126 126 129 133 135 136 139 144 153 166 175 175 169 163 160 159 163 162 158 161 164 168 170 173 175 181 187 187 187 193 205 221 238 249 251 257 260 258 258 257 251 255 255 252 256 265 279 293 305 299 280 270 267 268 263 266 283 295 297 300 301 310 326 348 373 385 374 346 330 318 311 302 286 269 267 277 273 264 260
127 124 123 122 121 121 122 128 127 122 121 122 123 122 125 126 128 129 132 136 137 142 150 161 175 180 174 166 163 165 166 165 160 162 164 165 166 170 175 179 181 181 186 196 204 217 230 235 238 250 265 272 272 267 263 264 268 269 266 267 273 284 299 308 294 281 279 284 281 273 283 296 302 307 306 310 325 345 371 383 377 354 341 328 315 305 291 275 285 290 282 271 265
