ViewShed-Visualize/viewshed_visualize/raster.asc
ncols        736
nrows        589
xllcorner    34.904583333285
yllcorner    31.432916666673
cellsize     0.000833333333
NODATA_value -32768
[rows 42 to 83 of 589, columns 279 to 371 of 736]
697 675 660 651 652 672 697 728 759 782 789 781 766 743 727 722 712 693 684 703 729 756 765 758 744 734 732 748 767 780 778 767 758 761 776 794 812 813 805 796 786 778 770 767 762 755 752 754 761 772 785 797 804 801 793 779 768 762 762 762 773 794 818 831 842 847 838 819 795 798 824 850 863 859 852 838 823 827 835 846 846 841 837 837 837 835 825 815 807 805 812 822 838
722 707 693 683 675 680 699 729 762 787 795 792 779 765 753 744 729 706 698 714 737 763 779 782 770 757 755 766 780 784 775 762 753 758 775 793 812 818 814 808 799 790 778 767 757 754 752 753 760 773 782 791 801 801 794 784 777 770 764 761 769 788 811 830 840 842 835 817 793 792 817 841 854 853 849 836 821 818 831 837 840 836 833 830 832 832 827 815 807 803 804 812 827
742 733 724 713 701 694 705 731 760 782 791 790 780 769 762 754 741 726 725 735 749 769 785 792 789 783 782 789 793 784 766 754 747 758 776 795 811 818 817 815 808 799 785 769 759 754 752 751 757 766 775 787 795 802 801 795 792 783 771 762 763 782 805 822 831 832 825 810 788 787 809 830 840 844 840 831 817 813 822 831 831 828 824 821 825 825 822 814 805 799 799 808 822
746 748 748 741 726 714 718 739 761 778 780 774 766 759 755 752 748 746 748 753 761 773 784 793 797 801 805 812 804 791 768 748 741 755 776 794 806 809 812 817 814 803 788 771 761 754 751 751 753 766 779 790 799 805 809 810 804 791 777 761 762 775 796 814 821 818 810 802 785 780 799 819 830 834 832 824 812 807 816 822 819 817 820 814 818 820 815 811 805 801 795 801 814
729 742 755 758 752 740 736 749 766 775 768 755 740 736 737 742 753 761 768 770 770 767 770 780 795 808 814 819 811 794 769 743 733 749 767 778 785 791 804 815 815 806 792 778 768 760 752 750 753 767 784 794 798 802 808 813 810 796 780 763 759 767 786 804 812 806 793 784 776 778 792 808 821 826 824 815 807 803 807 809 812 810 811 808 806 809 809 807 801 798 794 797 805
713 732 749 762 764 757 751 754 761 762 752 733 716 713 719 734 753 768 781 783 774 758 750 761 781 801 803 802 800 788 764 730 719 734 750 758 769 784 803 817 821 814 804 795 788 779 767 752 749 764 783 794 794 795 802 810 809 797 784 765 757 763 780 797 801 794 781 772 770 780 796 808 819 823 818 812 806 802 800 799 801 806 806 805 802 799 799 802 794 790 788 794 805
708 728 748 761 761 756 749 745 746 740 728 710 696 695 712 732 756 774 786 786 772 747 730 738 757 774 779 779 779 771 753 724 708 719 736 752 768 789 809 817 815 809 807 806 800 790 773 759 753 762 781 791 787 784 794 803 802 791 780 759 753 759 775 788 790 783 772 767 772 789 809 819 821 822 818 814 807 804 798 793 793 797 803 803 798 796 794 790 789 787 787 792 799
714 733 747 755 750 737 729 726 724 716 703 685 679 692 716 742 763 775 781 778 764 737 712 711 726 738 742 745 746 744 732 713 703 717 738 758 781 800 814 815 807 800 799 802 801 789 772 759 755 759 775 787 781 773 783 796 795 782 768 753 752 758 770 779 780 773 765 770 784 803 821 831 832 827 820 813 809 804 796 791 789 794 803 803 799 796 792 790 786 784 781 787 790
723 739 745 744 728 715 706 704 701 691 677 664 672 695 724 749 760 763 761 751 740 721 695 684 692 699 705 709 714 713 708 699 701 721 748 771 795 810 814 807 794 783 786 796 793 782 765 755 754 758 773 783 776 768 777 789 789 779 763 753 750 757 767 773 770 763 762 773 793 814 832 838 836 827 818 814 808 802 796 790 787 790 799 804 807 803 801 793 786 784 780 779 782
700 716 721 714 701 692 684 680 678 664 649 647 666 696 724 736 743 741 736 722 711 698 677 662 663 668 673 682 687 686 687 690 700 723 747 772 794 808 810 798 783 770 776 789 790 777 763 754 751 757 773 782 773 761 768 779 783 774 759 751 750 758 770 774 767 759 761 776 799 821 836 841 836 826 817 812 809 804 800 791 787 785 792 804 812 812 806 800 795 788 784 781 778
674 687 688 685 677 667 656 652 649 636 620 632 661 689 712 712 713 714 708 691 677 668 655 646 647 656 664 671 674 678 686 694 707 726 742 762 779 793 797 787 772 760 767 781 782 777 766 753 748 752 771 780 771 758 759 769 772 762 751 748 753 767 779 779 768 758 757 776 800 822 836 840 834 825 815 809 805 802 797 790 785 781 787 800 814 823 818 813 803 795 794 796 787
647 661 661 654 649 640 624 617 619 603 594 618 644 666 681 679 678 682 678 663 651 642 635 637 645 649 654 660 669 679 690 696 700 714 729 745 763 777 784 778 762 748 758 774 777 774 768 753 745 749 763 773 768 756 752 758 758 749 747 749 759 777 785 782 770 758 756 772 796 815 832 835 832 826 817 804 801 797 785 781 782 779 782 796 814 823 823 817 812 808 808 804 795
619 634 627 617 608 598 588 579 578 572 571 594 615 630 640 640 642 647 647 636 625 620 626 627 630 634 640 644 653 662 668 676 681 691 708 736 760 771 776 769 753 736 751 767 766 762 759 750 742 745 753 760 757 748 745 747 747 746 745 753 769 782 784 780 768 755 754 769 791 811 822 826 828 823 814 803 796 789 778 773 774 779 780 789 809 820 818 810 808 810 808 802 793
586 592 575 567 559 553 551 554 555 555 562 566 574 583 589 591 601 614 618 610 603 609 616 626 643 654 664 662 659 660 668 672 673 676 695 723 751 765 762 754 739 726 742 756 756 752 748 743 738 740 748 752 749 744 743 743 742 743 741 750 765 776 778 771 762 752 751 764 787 803 813 815 819 817 808 801 793 788 778 770 778 781 780 788 806 814 810 801 797 802 803 796 788
542 544 541 546 554 570 580 585 581 570 578 587 583 579 585 589 586 588 592 596 599 610 627 645 662 675 684 683 677 679 692 702 704 693 685 698 725 740 738 734 722 713 729 743 745 742 740 739 736 735 742 747 742 741 741 741 741 740 740 744 751 762 762 757 751 748 751 763 780 793 798 803 807 809 807 799 788 785 787 798 798 783 775 785 800 807 801 790 787 792 794 790 778
534 539 557 585 602 618 630 631 617 595 587 607 612 614 618 621 614 601 607 616 621 622 635 654 673 689 700 698 694 696 709 726 726 710 691 684 697 705 705 706 705 707 723 732 734 733 733 731 730 731 737 740 739 739 739 739 738 739 739 740 743 749 751 746 744 745 751 760 770 782 785 791 798 802 802 798 787 781 792 798 790 779 774 783 795 801 794 785 781 787 787 779 770
562 572 592 615 641 666 675 660 634 604 596 613 627 635 639 637 628 616 620 636 646 642 639 655 681 702 713 716 714 713 722 734 730 714 707 703 693 693 699 698 695 700 705 714 719 724 724 723 726 731 734 737 737 737 739 740 739 738 737 738 740 741 743 743 742 744 748 755 765 770 774 783 789 792 796 792 785 777 780 784 783 778 773 779 787 790 787 780 776 779 775 769 762
600 608 622 645 673 691 691 675 646 616 611 631 647 658 660 663 653 635 630 651 669 666 658 666 685 708 723 728 730 735 740 744 743 738 736 731 722 721 724 718 711 710 704 702 705 713 715 719 723 730 732 736 737 737 738 738 736 736 738 739 738 742 741 740 741 744 748 752 759 761 769 776 782 787 787 785 780 776 773 772 771 771 769 771 774 776 775 771 770 767 766 762 758
634 645 661 680 699 710 702 680 651 627 626 651 671 683 688 688 678 658 645 659 681 689 687 694 703 718 727 732 737 743 748 754 757 758 753 751 746 743 740 732 726 723 715 712 712 718 722 726 728 732 734 738 738 735 736 736 736 736 736 738 738 740 741 742 744 744 747 750 754 757 762 770 779 786 788 786 783 780 774 770 767 766 766 769 770 770 770 767 765 761 760 758 755
664 679 694 705 716 719 707 685 661 644 650 669 689 702 707 704 693 678 665 665 688 703 710 710 713 718 723 728 732 739 750 760 767 771 770 768 763 756 750 743 736 727 719 719 725 728 732 732 733 735 737 737 737 734 734 734 734 736 737 738 741 742 746 746 748 749 752 752 755 759 765 773 782 789 791 789 784 779 774 771 767 765 766 768 772 770 768 765 762 760 759 756 755
674 692 705 716 720 719 708 689 671 666 672 690 704 714 721 719 709 697 681 675 691 705 711 709 708 718 723 720 722 732 747 762 772 780 783 779 772 766 759 750 735 723 719 726 734 736 736 738 738 739 739 738 738 737 734 733 732 734 735 737 739 742 748 751 755 759 762 758 760 765 773 781 788 793 794 788 782 780 778 776 770 764 761 763 765 764 762 762 757 756 753 753 754
674 687 699 707 711 709 702 693 687 688 689 699 707 715 721 722 716 706 692 685 696 708 711 702 696 708 711 705 707 724 741 758 770 780 783 783 778 769 762 751 738 736 728 733 744 745 745 744 744 743 740 738 736 736 734 734 733 732 733 735 737 742 750 760 770 774 773 769 768 772 783 791 795 796 795 789 787 788 785 778 769 766 764 761 760 759 756 755 753 752 749 751 754
665 674 683 689 694 696 699 700 702 706 707 707 704 709 713 716 715 708 702 701 708 714 716 703 686 681 686 683 688 711 732 748 761 769 774 778 777 770 761 754 748 745 738 743 751 753 752 751 749 746 743 740 737 735 733 733 730 730 730 731 737 742 754 770 778 778 776 775 776 781 791 799 802 802 797 796 795 795 788 777 773 771 767 765 760 761 758 755 753 750 749 751 752
645 653 661 668 675 688 704 718 725 727 719 707 695 695 702 711 718 715 713 713 716 718 713 698 677 660 661 669 679 695 715 730 739 749 759 771 773 770 766 760 760 756 748 748 755 760 758 755 753 752 750 746 741 737 734 733 733 732 730 729 733 741 753 769 779 781 776 773 777 784 795 802 807 809 806 804 802 798 790 784 780 773 768 766 762 759 757 754 752 752 752 751 751
622 631 640 654 668 690 711 727 739 737 723 704 684 674 685 703 718 720 714 709 704 702 692 678 660 653 669 689 701 708 712 718 727 742 756 766 771 773 771 770 771 765 757 757 765 769 769 768 767 763 761 753 745 738 735 734 732 731 730 729 730 736 747 760 771 774 766 761 769 781 794 803 809 812 809 807 803 800 794 789 781 775 769 765 761 759 756 753 751 752 752 751 751
632 640 652 669 684 698 714 726 735 731 718 704 680 658 663 682 702 702 694 688 680 672 659 647 647 662 689 715 730 738 736 733 744 764 768 773 774 774 774 775 775 768 763 768 775 777 774 771 769 767 765 762 753 743 737 736 733 731 731 731 728 732 738 747 754 754 750 756 772 781 795 803 807 809 807 803 802 797 793 789 782 775 768 764 760 758 756 752 750 751 751 750 750
664 674 682 689 693 699 710 720 721 712 703 693 671 645 636 647 666 669 660 653 643 636 632 642 664 683 704 731 747 755 763 759 766 776 779 778 776 774 772 776 776 771 769 773 777 777 769 767 763 762 760 759 754 743 737 736 736 732 732 732 729 728 728 736 740 739 741 760 778 784 795 800 804 804 803 802 797 791 788 788 785 779 773 767 768 762 757 753 753 750 751 749 747
686 698 701 698 690 689 698 706 699 682 671 664 656 634 620 625 633 633 624 622 623 634 650 669 696 715 724 741 758 774 780 780 784 785 781 775 769 765 764 773 774 771 772 772 774 772 767 763 759 756 752 750 749 742 740 739 738 734 733 732 731 728 726 729 732 737 740 752 771 782 791 796 798 796 798 801 796 788 783 784 787 783 779 776 774 769 762 754 751 750 751 751 749
680 689 694 690 677 670 674 680 667 650 638 636 635 624 606 606 606 605 608 616 638 664 683 705 727 743 748 758 769 779 781 784 791 789 781 773 766 759 758 765 768 769 769 770 773 773 770 765 761 755 750 746 745 743 744 744 741 739 736 734 731 729 728 727 726 726 733 746 763 776 788 794 793 787 792 800 802 791 781 779 785 784 780 777 772 767 758 753 749 749 752 750 749
653 662 669 670 659 644 649 651 636 613 597 593 593 591 587 593 594 600 612 636 666 692 713 734 745 754 759 763 771 774 771 775 784 784 780 776 767 754 751 758 765 767 766 768 771 774 774 769 763 757 750 745 744 743 747 751 747 743 740 739 734 732 732 726 724 722 727 741 760 773 778 788 790 783 785 795 803 793 781 775 776 777 775 774 772 763 756 752 748 747 747 746 746
609 623 633 634 626 610 614 619 596 574 573 578 583 585 584 586 589 599 616 640 668 696 719 735 747 753 751 752 759 757 755 763 775 780 777 773 768 756 744 744 758 763 763 764 768 771 770 767 761 755 749 741 741 740 747 753 752 747 745 748 742 736 732 728 723 721 724 734 749 770 782 784 782 777 778 786 800 798 784 773 768 771 771 775 773 765 756 752 749 749 749 746 744
562 578 586 585 581 573 576 579 568 570 592 608 616 616 609 599 588 591 604 621 641 666 688 711 735 742 734 734 740 736 738 757 765 768 766 767 765 758 743 733 749 756 757 760 764 768 768 765 757 752 746 741 741 739 743 749 749 747 749 752 749 744 735 730 721 720 721 727 739 763 779 793 790 776 773 779 794 797 785 771 768 768 768 774 772 765 756 753 751 751 749 746 744
535 544 547 550 552 553 557 560 563 579 608 634 648 650 635 616 598 596 597 604 616 631 654 690 718 725 714 707 711 709 723 741 749 751 748 754 759 754 742 727 738 748 752 756 760 767 770 764 755 751 748 740 736 736 738 741 741 742 745 748 750 745 738 730 722 721 720 722 734 755 773 787 786 774 764 766 783 786 779 769 765 766 769 772 771 766 761 757 758 757 755 752 748
559 555 552 553 568 582 588 592 593 598 614 644 670 671 648 624 612 618 624 619 612 611 631 665 688 694 687 679 676 683 703 717 722 726 722 738 748 746 737 715 730 742 748 752 756 766 767 760 753 746 745 741 735 734 735 734 734 733 735 743 747 750 742 732 723 717 719 721 732 750 766 781 782 770 758 762 778 779 772 766 766 768 770 774 776 772 768 765 764 763 765 761 753
593 586 578 574 591 612 627 638 646 646 644 660 681 679 658 644 648 660 667 666 655 631 617 633 646 655 658 652 646 650 660 668 673 677 680 701 715 717 707 700 723 736 741 747 753 759 760 756 748 744 741 737 734 731 728 726 727 727 731 739 748 754 748 735 723 717 717 720 732 747 763 775 778 765 751 751 763 766 761 765 770 773 777 781 778 774 770 772 770 772 770 763 756
633 629 614 599 606 630 657 678 689 688 679 688 699 692 673 671 691 704 707 703 682 652 629 621 622 626 628 630 635 644 653 658 663 671 675 684 683 690 701 714 723 728 735 743 751 756 753 747 743 740 737 733 731 728 725 724 724 724 727 739 750 757 753 738 726 716 718 725 738 753 763 768 771 761 746 742 747 750 759 773 780 783 777 777 774 772 771 773 777 781 775 768 761
677 671 651 628 616 636 671 699 717 718 713 717 721 711 691 703 723 725 725 717 694 667 652 649 647 641 633 628 639 662 682 696 709 716 718 724 722 730 738 746 744 735 739 747 752 753 751 747 741 736 733 731 729 727 726 722 720 722 726 736 745 752 752 739 726 715 717 727 740 751 757 759 761 755 743 739 743 754 775 791 797 800 792 780 773 772 771 777 781 783 775 770 762
714 710 688 654 633 642 670 697 722 736 737 739 739 728 719 728 744 749 743 729 716 698 690 688 683 675 656 634 643 668 692 716 733 746 757 759 756 759 761 758 753 746 745 749 751 751 750 746 742 737 734 735 733 734 729 725 722 723 722 727 735 743 747 739 728 717 717 724 733 740 744 748 753 746 739 737 747 764 785 799 801 795 792 786 780 771 769 775 777 780 776 771 767
740 737 707 672 651 658 676 697 720 736 744 750 749 745 745 753 765 768 758 751 742 727 718 709 696 681 658 638 645 674 696 718 735 751 768 774 774 771 766 761 755 750 746 746 750 751 752 748 745 745 745 748 747 745 742 736 732 726 722 720 724 733 738 734 726 717 715 720 723 728 733 740 744 740 735 736 750 767 785 795 795 790 787 785 779 771 767 768 770 773 773 770 767
753 740 715 688 669 681 695 706 719 729 739 747 753 756 760 769 780 780 772 762 753 737 720 702 683 664 649 642 648 670 689 708 728 745 764 772 773 768 765 759 754 748 744 744 749 752 752 747 743 745 749 754 758 759 756 747 743 737 727 720 719 722 727 727 722 716 713 715 717 721 725 731 735 733 731 740 754 767 783 789 785 782 779 780 778 772 765 764 762 764 767 765 763
751 739 719 696 687 697 704 706 708 716 728 737 745 749 756 767 777 785 778 762 743 724 704 685 674 671 669 656 646 654 668 689 715 735 756 764 765 762 757 755 751 744 741 739 744 749 748 742 737 739 745 753 760 763 761 758 755 746 733 723 717 715 717 717 715 713 710 714 715 718 721 726 729 727 731 740 750 764 777 781 779 776 779 781 780 773 765 761 758 756 759 762 763
747 737 719 705 700 698 700 695 689 696 708 720 729 735 743 758 770 775 769 753 732 706 692 698 706 703 687 668 660 656 663 685 710 731 747 759 761 758 751 748 746 741 738 737 739 741 740 736 733 735 738 744 750 754 756 755 756 748 739 729 722 717 715 712 712 711 711 714 716 718 720 720 723 724 734 739 748 759 770 771 770 773 780 785 779 773 763 756 756 753 755 758 761
