ViewShed-Visualize/viewshed_visualize/raster.asc
ncols        736
nrows        589
xllcorner    34.904583333285
yllcorner    31.432916666673
cellsize     0.000833333333
NODATA_value -32768
[rows 0 to 41 of 589, columns 279 to 371 of 736]
582 575 562 542 519 496 477 472 472 479 483 483 490 514 529 532 526 517 521 546 569 577 582 600 615 622 621 606 583 565 558 570 598 627 647 661 669 673 677 686 697 707 714 721 732 739 742 737 718 695 671 657 662 680 688 673 641 618 629 650 663 660 656 672 703 735 765 790 808 815 814 804 787 772 771 793 820 838 852 848 838 827 836 847 854 857 853 851 847 842 839 837 839
547 537 526 515 496 473 469 486 502 514 517 513 515 535 554 560 551 537 528 549 579 601 616 629 638 645 644 632 613 591 573 562 576 608 630 650 661 665 673 680 689 701 710 720 733 743 750 747 733 707 682 665 675 697 717 708 684 647 625 627 635 643 661 685 713 742 771 792 804 809 800 784 766 761 782 808 831 852 862 858 848 838 843 852 857 858 854 854 847 844 841 838 837
498 489 483 476 469 469 491 517 541 551 553 548 542 559 580 586 579 562 545 542 574 607 629 648 660 667 664 654 638 622 600 579 567 584 610 630 641 649 657 668 674 684 697 709 729 745 759 759 744 717 691 674 684 711 734 735 721 686 654 629 631 651 674 701 728 757 778 796 802 797 781 764 751 769 798 823 846 864 870 868 857 847 848 855 859 862 861 857 852 847 848 846 844
457 455 463 468 482 494 515 543 566 578 584 582 578 588 608 616 609 595 573 555 564 598 628 651 668 679 678 672 661 646 628 606 581 571 585 602 615 624 635 650 666 679 694 717 741 754 764 764 750 724 701 685 692 717 742 747 735 709 681 653 635 656 680 711 743 768 787 800 800 789 765 743 750 781 815 838 853 868 870 868 864 859 858 862 869 868 875 870 862 859 857 851 847
465 486 497 509 522 530 541 565 588 602 612 612 611 621 633 642 638 623 607 582 565 585 620 647 666 682 688 687 680 669 653 633 611 581 572 587 608 625 638 651 667 684 701 727 750 766 775 770 756 736 711 695 701 723 747 757 749 732 713 680 646 649 676 707 741 768 787 796 798 784 761 738 755 788 819 840 851 856 859 862 863 863 865 869 872 874 876 876 869 863 856 849 845
481 504 522 537 552 560 569 586 602 617 629 631 635 645 655 664 664 656 641 617 592 582 607 637 663 679 691 696 691 681 668 650 630 598 579 598 627 648 661 670 680 691 709 734 756 774 785 777 761 746 725 705 706 728 751 762 757 740 724 699 668 650 665 693 726 754 772 786 788 778 751 732 752 788 823 838 840 836 839 850 857 862 859 865 874 877 878 874 869 862 855 851 850
478 509 527 546 561 573 585 598 608 616 624 631 640 652 665 677 683 684 673 653 625 602 600 628 656 676 691 698 697 687 674 657 633 601 584 611 642 665 678 691 698 707 728 751 765 783 788 785 770 752 729 711 710 732 754 757 749 732 714 694 674 656 653 675 701 728 751 769 774 765 740 725 751 787 814 822 821 812 813 827 843 849 853 864 872 879 879 874 871 863 857 861 860
472 496 516 537 551 566 577 591 597 600 605 617 634 652 667 682 696 702 695 677 653 634 618 624 648 672 689 698 699 691 679 661 635 602 591 620 651 676 694 709 721 737 753 767 777 786 790 786 774 759 745 726 720 739 757 758 750 738 723 711 698 687 668 661 676 702 734 760 764 753 728 718 747 777 791 795 793 789 794 806 821 829 842 860 872 880 881 876 873 872 869 870 866
481 482 496 512 527 545 558 568 574 581 594 615 637 656 672 687 701 715 718 704 681 659 642 630 643 667 687 699 704 698 687 668 645 612 596 619 651 675 693 713 731 747 763 772 776 776 777 780 780 777 767 750 736 753 767 771 767 761 754 740 729 717 698 674 667 694 728 752 753 740 720 710 729 747 750 755 755 764 781 792 800 816 842 862 869 879 882 880 878 876 872 870 864
513 508 502 504 511 520 533 544 553 572 599 624 652 671 687 698 709 723 736 725 707 681 662 645 648 668 688 704 713 707 696 676 653 625 601 612 640 663 679 695 717 738 754 758 755 756 763 771 782 784 775 763 751 764 778 785 787 780 770 759 743 727 703 683 670 688 713 729 729 717 706 708 715 722 733 746 762 784 795 793 799 819 846 866 874 880 881 877 873 870 867 867 858
546 543 536 533 541 543 547 549 552 570 596 623 652 677 693 709 718 732 743 741 725 701 680 663 655 670 690 707 717 713 699 680 658 634 613 605 616 635 656 673 690 713 727 730 727 729 747 766 782 786 782 773 769 775 788 797 800 790 776 758 742 720 695 681 669 675 688 700 699 700 714 733 743 754 769 782 796 810 818 811 808 822 847 867 875 877 876 873 867 861 859 855 848
571 573 568 567 575 581 580 579 573 574 590 615 639 665 687 702 712 725 735 741 736 715 693 678 664 677 694 709 717 714 701 685 668 653 637 627 624 622 630 648 663 678 689 696 704 725 750 768 778 782 780 781 784 786 797 804 805 794 772 755 743 731 716 702 686 683 684 683 689 711 733 756 774 786 801 812 824 834 843 835 825 824 841 857 868 873 872 866 862 857 853 851 846
583 593 599 600 608 611 612 611 601 593 593 605 625 648 665 681 694 703 715 726 734 722 702 688 676 682 696 708 717 715 705 695 687 679 668 660 655 648 638 635 639 649 660 676 701 731 754 763 765 765 774 781 792 804 808 807 803 796 782 773 770 760 742 718 704 709 707 691 693 719 746 765 787 800 815 830 845 859 865 860 852 843 848 858 868 872 870 866 863 861 856 854 852
583 598 613 622 631 636 639 639 634 623 616 614 621 633 649 665 677 687 697 709 723 722 709 695 685 686 695 708 716 719 714 710 708 706 698 691 686 679 669 659 652 646 645 667 697 728 744 746 741 745 764 781 799 814 815 809 799 794 791 791 789 776 756 731 728 733 726 706 697 717 739 758 775 793 810 829 842 858 867 871 867 860 863 867 872 873 871 868 866 864 861 861 859
571 589 605 621 634 642 651 655 655 648 638 634 633 637 647 658 669 680 688 700 712 719 714 701 693 692 697 709 721 726 725 728 734 733 728 723 717 712 698 684 679 668 656 657 681 706 717 718 716 731 758 780 801 811 811 802 792 786 787 795 798 790 773 765 759 756 742 723 702 707 720 735 752 770 790 811 827 841 852 863 861 859 864 869 873 875 875 873 872 871 868 869 862
552 568 585 602 620 633 644 653 662 664 655 651 652 654 662 671 677 685 690 697 707 715 716 711 702 697 700 711 722 734 740 745 755 759 759 752 747 733 720 717 707 687 669 655 663 677 686 690 701 726 753 773 788 801 801 790 777 774 779 788 801 800 787 788 785 774 754 729 711 717 729 729 732 743 760 780 804 819 835 844 844 847 855 865 870 875 877 879 879 882 877 874 871
523 540 557 575 595 610 621 634 646 653 653 650 651 658 669 679 690 696 698 703 710 717 721 718 711 705 704 713 726 738 750 758 765 769 768 765 761 754 751 748 732 706 684 668 664 666 669 676 694 717 738 756 770 780 781 772 763 759 769 784 801 805 809 806 796 777 757 742 729 740 759 769 768 763 761 768 783 800 815 825 831 841 858 867 871 878 881 882 883 886 885 880 874
510 520 533 550 565 580 592 602 616 624 628 632 638 648 659 670 682 694 704 711 719 726 732 729 720 713 710 717 727 736 747 755 760 762 761 762 765 766 769 764 741 712 692 683 687 683 674 673 683 700 718 736 753 758 757 752 742 744 763 783 799 809 814 815 804 789 782 770 750 757 786 802 807 800 793 805 812 818 820 821 830 843 858 870 878 883 886 888 886 888 887 882 874
525 519 524 530 543 555 565 576 588 596 605 618 632 647 659 670 681 695 706 718 730 740 746 741 731 723 720 718 722 729 739 746 748 745 746 751 762 770 774 766 752 727 707 706 707 701 685 672 675 683 699 714 728 732 732 726 724 740 757 775 791 804 813 819 816 814 807 795 775 773 805 827 831 828 826 832 835 838 838 836 838 851 865 874 881 887 886 885 885 889 889 882 875
553 542 533 527 531 539 546 562 574 591 610 629 653 667 679 690 698 709 717 729 739 750 757 753 740 731 725 723 723 727 731 734 735 730 727 736 749 761 766 764 758 739 733 738 732 713 696 683 678 680 683 694 703 707 707 705 715 732 748 763 778 791 806 820 826 827 824 813 794 793 820 842 850 850 848 856 862 861 858 853 845 855 870 879 883 886 881 877 878 882 883 879 877
583 573 560 547 536 535 544 563 582 602 621 643 664 682 696 711 721 730 737 743 749 757 761 757 748 739 735 733 732 728 723 721 720 716 715 721 732 745 752 760 764 756 757 759 751 735 715 696 693 694 690 683 686 691 693 695 704 717 731 748 761 781 801 818 824 828 830 826 818 815 831 846 859 861 865 873 879 877 870 865 859 865 873 884 886 882 875 873 872 874 876 881 877
611 602 585 569 554 544 541 558 579 600 619 641 662 684 705 722 739 749 753 749 746 752 754 747 740 738 739 739 733 723 714 708 706 706 707 715 723 734 745 763 769 775 776 775 767 752 729 711 717 717 707 697 688 687 693 698 701 705 714 731 755 777 792 808 813 819 830 839 842 840 838 844 857 866 872 881 883 885 882 876 872 875 876 881 881 877 871 865 864 867 870 873 873
633 631 617 595 574 561 548 548 565 586 610 633 659 684 706 732 748 752 749 739 729 730 734 730 724 722 725 722 714 707 700 696 695 702 714 726 735 745 758 772 780 785 788 786 775 758 736 730 743 740 732 717 700 693 701 713 718 717 712 718 735 756 774 783 791 807 827 843 850 851 851 853 856 863 870 878 880 883 884 879 877 878 880 877 878 874 867 860 857 859 860 860 865
647 657 648 628 605 586 569 553 554 575 600 625 655 683 707 736 739 738 730 718 707 705 708 706 701 699 698 695 688 684 687 692 698 704 713 724 736 749 767 781 790 795 795 788 775 756 743 752 764 761 750 729 709 699 713 733 742 742 733 724 726 735 748 760 774 792 817 841 852 861 860 855 854 858 865 872 874 874 876 878 876 874 872 871 873 872 866 857 853 852 853 853 857
642 662 671 654 632 609 586 566 553 568 590 614 641 669 695 713 715 708 703 689 678 676 673 672 671 673 673 668 672 684 696 705 711 716 725 731 738 746 762 779 796 806 805 797 786 766 765 775 782 772 754 733 712 704 721 741 757 763 761 752 745 737 737 749 765 781 806 833 849 856 857 856 853 852 856 862 859 861 870 877 877 875 869 866 867 868 866 860 850 845 845 847 850
636 657 673 664 644 620 598 578 562 559 569 589 618 645 668 680 681 675 663 654 646 644 642 642 645 650 652 659 677 697 711 723 732 736 746 755 761 759 765 779 797 811 809 801 790 783 782 789 785 772 755 732 714 709 723 748 765 781 789 778 769 753 750 769 787 796 806 824 841 854 858 854 850 845 847 851 852 858 868 878 881 873 864 859 861 862 864 860 851 838 837 839 842
633 650 665 669 657 634 611 596 585 574 568 569 584 607 625 633 633 633 629 624 624 629 641 646 652 654 654 660 677 701 721 743 750 754 763 775 781 778 778 789 806 813 810 804 796 795 798 797 786 766 751 742 736 726 722 748 773 791 800 796 785 768 761 782 803 820 827 833 843 853 860 852 843 839 840 846 852 864 879 881 879 875 866 859 856 858 860 855 850 842 833 830 831
639 648 667 679 675 659 642 628 617 606 596 588 580 576 586 593 601 605 613 627 645 656 666 674 679 682 678 673 672 693 715 734 747 753 759 770 782 787 792 801 809 809 804 800 795 801 803 799 787 770 762 761 759 742 730 750 775 796 804 804 792 781 774 784 803 818 829 838 846 857 858 849 841 834 836 845 853 864 880 883 882 879 870 858 851 850 854 855 848 839 834 824 824
654 654 670 687 691 683 674 666 652 639 630 619 606 593 600 614 628 636 644 660 675 686 695 701 706 709 707 701 693 689 705 720 731 738 747 758 775 790 799 801 800 799 795 794 794 801 808 804 792 780 778 777 774 760 743 749 774 797 807 810 809 807 806 802 807 815 826 837 846 852 850 842 833 829 834 840 849 859 876 880 879 877 869 860 851 843 846 854 851 844 839 828 822
665 662 673 688 702 705 699 694 682 673 661 650 637 625 628 646 659 667 674 685 696 710 717 727 736 738 732 727 716 707 704 713 720 727 738 752 770 788 797 795 791 790 786 788 795 804 814 814 808 799 799 793 784 777 765 761 778 797 807 816 821 825 825 821 823 827 829 833 837 839 838 832 829 828 838 846 854 859 870 877 875 875 871 861 851 842 841 847 852 850 845 837 830
678 673 677 689 705 715 714 712 704 694 684 675 664 653 650 667 683 692 698 705 716 730 742 750 755 756 754 747 736 726 716 717 719 725 734 745 762 774 787 789 784 782 780 782 793 804 814 816 811 806 803 800 793 786 781 781 788 799 808 815 822 829 837 837 841 840 836 831 827 829 826 821 826 835 849 866 872 871 871 874 873 871 868 864 855 843 837 843 848 850 845 843 838
689 686 685 690 702 708 707 705 705 701 696 687 679 676 672 679 696 707 714 722 730 741 750 756 762 763 758 749 742 736 731 731 728 728 732 740 754 765 778 783 782 781 778 781 788 802 808 809 801 802 804 804 802 799 795 792 794 800 803 810 818 828 834 843 852 850 839 831 823 819 817 816 826 841 864 878 884 884 880 875 869 863 861 861 855 840 837 837 837 839 841 841 840
685 689 690 694 695 691 688 685 688 687 685 681 679 681 686 693 703 711 718 724 733 739 744 751 756 754 747 740 740 738 743 747 745 744 743 747 752 761 773 781 781 777 775 777 783 794 801 798 789 792 804 814 811 807 803 797 796 801 799 803 811 821 831 845 856 856 845 833 820 815 814 817 827 842 862 876 885 887 885 875 864 861 857 852 846 840 834 828 830 833 834 833 836
671 675 683 687 684 673 665 659 661 663 665 664 667 676 687 702 705 704 709 714 720 723 725 734 741 739 730 728 728 735 745 757 759 762 764 766 766 768 779 784 782 777 775 774 774 782 786 783 783 793 808 819 816 811 804 799 795 793 793 796 805 817 831 843 852 853 846 835 823 814 811 814 824 840 859 868 877 880 877 872 863 860 856 853 848 843 838 831 827 828 828 828 827
649 655 666 671 665 652 639 631 631 635 637 642 653 663 679 695 697 688 687 694 699 702 706 711 716 716 714 714 716 728 742 756 767 777 784 787 787 783 786 788 781 779 775 768 769 772 774 775 782 797 811 820 819 811 807 802 797 791 788 793 803 813 823 831 841 849 848 838 825 813 808 814 826 839 852 863 871 873 871 868 867 864 859 857 854 849 847 838 832 828 826 824 823
624 634 643 649 643 625 610 600 599 604 609 617 632 646 657 668 669 660 662 671 676 680 686 692 693 693 699 710 715 726 737 754 769 785 797 802 802 800 796 789 780 777 774 769 768 768 769 774 788 801 816 826 824 818 816 811 802 793 785 785 792 799 809 819 831 839 841 833 822 810 804 811 824 836 847 858 865 865 866 863 861 859 857 857 857 853 846 840 833 828 825 822 820
590 607 615 614 606 591 581 583 588 594 597 599 611 622 633 639 640 637 639 647 652 659 667 671 676 686 702 718 727 734 744 760 772 789 804 809 812 807 799 790 780 776 772 768 766 765 766 777 790 804 814 823 826 828 821 816 807 796 784 781 785 791 799 810 822 834 836 827 813 803 805 815 834 845 850 852 858 857 858 858 854 848 848 849 852 849 843 840 834 828 825 819 818
551 568 576 572 567 569 583 601 614 623 625 619 614 614 616 620 626 628 634 639 643 648 653 660 676 693 714 731 745 752 758 767 779 791 800 806 810 807 798 789 778 774 772 766 762 761 765 774 786 794 803 817 826 828 823 815 805 793 786 777 780 789 802 814 822 829 826 817 804 801 809 824 848 860 857 855 854 853 855 855 851 843 842 840 840 838 835 836 836 830 826 820 816
543 546 552 557 569 593 612 630 647 656 660 656 648 637 629 625 628 639 650 656 660 665 669 670 679 696 717 735 751 762 769 775 782 787 793 798 804 806 799 787 780 778 771 767 761 759 759 767 774 783 800 814 823 821 817 809 804 791 782 772 778 796 812 822 833 833 824 809 798 800 815 838 861 865 859 852 846 847 851 855 855 845 836 831 829 825 826 833 835 834 832 823 818
584 574 565 577 601 619 639 661 676 688 691 689 681 668 654 641 640 651 666 680 686 686 691 690 688 698 713 731 747 759 769 772 773 777 782 792 799 805 801 791 782 777 769 768 763 759 756 761 768 780 794 810 822 816 805 801 798 788 777 768 779 799 816 835 844 840 827 808 795 800 818 845 863 865 855 844 840 842 848 856 855 849 839 833 822 819 818 822 825 830 832 830 823
626 611 595 597 621 647 668 689 708 722 728 726 709 694 681 664 660 660 674 691 709 718 712 707 704 704 712 730 747 761 768 766 767 771 782 794 804 805 800 789 780 773 768 764 759 756 754 757 765 775 786 803 813 808 797 790 788 782 771 767 778 799 820 837 848 846 830 808 794 800 825 850 866 865 851 838 837 839 848 854 854 847 840 836 829 820 813 809 814 818 825 829 827
664 643 628 621 635 662 687 714 741 760 765 758 741 716 700 692 684 674 678 697 722 742 742 731 723 717 721 738 757 771 774 767 764 768 777 795 810 809 799 787 780 773 768 766 761 757 754 756 759 772 785 798 807 803 793 781 774 768 765 764 777 797 823 833 846 847 833 810 794 801 827 853 867 861 853 841 831 834 841 850 852 846 840 838 835 827 820 811 809 809 818 829 834
