ViewShed-Visualize/viewshed_visualize/raster2.asc
ncols        60
nrows        45
xllcorner    34.666249999951
yllcorner    31.762083333340
cellsize     0.000833333333
NODATA_value -32768
 23 23 24 24 23 23 23 19 16 17 18 20 21 21 24 32 35 33 32 34 35 38 42 44 46 44 45 47 48 46 44 43 42 42 43 43 42 42 42 41 39 38 40 37 38 37 37 39 39 40 41 42 42 45 48 49 53 55 54 55
 22 22 22 23 22 22 20 18 17 19 19 22 23 23 24 29 29 29 33 33 38 42 44 46 44 43 43 45 46 46 46 46 45 44 43 42 42 40 39 39 37 37 36 34 36 37 36 37 39 39 40 43 43 45 47 51 54 55 57 59
 23 23 21 21 19 20 18 16 17 17 20 22 23 26 27 26 28 31 33 36 39 42 45 43 41 40 40 41 45 46 49 46 47 45 42 40 41 41 39 37 37 36 34 34 35 35 34 37 38 38 40 44 45 46 47 50 53 53 58 62
 24 23 22 22 19 17 19 15 16 18 21 22 24 30 31 28 29 33 33 37 39 41 42 40 40 39 39 41 44 45 46 45 48 43 40 39 39 41 38 37 35 34 33 32 34 34 34 34 37 40 41 44 47 49 47 49 51 51 57 62
 26 21 22 21 19 19 19 18 16 17 21 23 27 33 34 32 33 35 37 38 38 40 39 39 38 35 38 41 44 42 42 40 40 41 38 38 39 40 37 37 35 33 31 33 34 35 35 34 38 42 43 47 49 48 47 48 50 53 57 60
 23 21 19 19 20 20 18 17 16 17 22 26 29 33 34 33 32 35 36 35 37 39 38 34 35 35 38 40 41 40 40 39 38 37 35 35 38 39 35 35 33 32 31 34 35 35 34 36 39 43 44 48 51 49 49 48 49 52 57 61
 22 19 20 19 19 20 19 16 17 17 22 25 29 30 31 33 34 37 35 35 36 37 35 34 33 37 39 39 40 40 39 37 37 36 32 33 36 35 34 34 31 30 31 32 34 35 36 38 41 44 47 48 53 54 53 50 51 52 55 58
 22 20 20 19 20 19 20 17 18 20 21 25 26 29 30 31 37 38 37 38 34 32 31 31 32 35 39 42 41 43 41 38 36 35 33 33 34 32 30 29 31 31 32 32 35 37 38 40 41 45 46 49 54 55 58 55 55 54 55 57
 23 22 20 20 20 20 20 16 19 21 21 23 27 30 31 34 35 36 38 36 32 33 30 31 31 33 38 41 44 44 40 39 39 38 34 33 31 31 29 30 31 32 33 34 37 40 42 41 42 42 45 49 54 58 60 59 59 59 60 60
 23 23 20 20 20 19 18 18 17 20 21 22 27 30 30 33 35 36 38 34 31 29 30 31 31 33 39 40 41 42 39 37 36 35 34 33 30 30 30 31 31 31 33 34 38 41 41 42 41 43 47 47 51 57 61 59 58 58 59 61
 23 25 23 20 20 21 20 17 17 20 23 24 27 28 28 31 33 36 36 31 29 27 30 32 33 34 35 36 40 40 38 36 32 32 31 30 29 29 29 30 30 31 33 34 39 41 42 42 42 43 45 46 52 56 60 60 61 57 56 57
 25 26 23 21 20 21 20 18 19 20 23 24 25 27 30 29 32 33 34 31 28 28 29 32 34 37 35 34 36 37 36 33 28 31 29 29 30 29 29 30 31 33 34 37 39 40 44 44 43 45 48 49 53 57 60 62 61 56 53 54
 27 26 23 24 20 20 19 18 21 22 27 26 25 28 30 29 31 32 28 28 26 28 31 33 37 37 36 32 32 32 34 31 29 30 27 27 28 27 29 31 33 35 35 36 40 42 46 45 45 46 49 51 54 58 59 63 59 54 51 54
 24 26 25 24 20 21 19 18 22 26 28 28 26 26 27 25 27 26 27 26 27 31 33 35 38 35 33 31 31 30 31 31 30 27 25 26 27 29 30 32 33 37 35 36 41 44 46 48 48 49 50 51 53 60 62 62 59 56 51 50
 23 25 24 22 22 24 19 18 21 25 29 28 28 26 25 25 25 27 27 27 28 30 33 36 36 34 32 31 29 28 28 30 29 27 26 26 26 30 32 32 35 35 34 36 40 45 49 51 52 53 54 55 56 59 62 63 57 51 49 48
 27 27 21 21 23 20 17 20 21 25 26 27 28 26 23 23 23 24 24 25 28 28 30 32 33 34 34 33 30 27 27 27 26 27 27 28 29 30 32 33 35 36 35 37 42 43 48 50 54 57 60 59 56 57 60 60 56 48 47 46
 27 25 22 23 22 16 19 22 22 26 27 26 26 22 24 23 23 24 25 24 28 27 28 31 32 32 32 32 30 26 26 26 27 28 30 31 31 32 31 32 36 37 37 41 42 45 49 51 56 59 61 59 53 52 54 55 50 45 44 43
 26 25 22 23 23 17 21 22 22 24 25 26 23 23 22 23 24 23 23 27 26 27 29 30 30 29 30 29 29 27 26 27 28 31 31 32 32 33 33 35 39 39 40 41 42 44 46 51 54 59 60 56 51 50 49 45 45 42 41 39
 27 23 22 21 20 20 23 23 23 23 23 23 21 22 23 24 25 22 24 26 27 27 30 29 27 27 26 25 27 26 26 28 28 30 31 31 32 33 36 40 42 43 41 39 42 44 45 50 54 55 55 54 51 48 44 42 43 41 41 40
 27 25 22 19 20 22 22 23 23 22 21 22 22 21 22 23 23 23 23 25 26 29 26 26 25 24 24 27 27 27 28 29 28 29 30 30 31 33 38 43 47 44 41 39 41 43 44 49 53 51 49 48 47 45 41 41 41 41 40 40
 26 25 21 18 20 22 24 24 23 21 21 21 21 23 23 24 24 24 25 24 24 26 26 25 25 26 28 30 29 28 28 30 31 31 30 31 31 34 38 43 47 43 39 40 42 43 45 47 48 46 45 43 41 41 40 40 38 38 40 37
 24 23 22 19 20 22 23 23 25 21 22 23 22 22 23 23 22 23 22 23 23 23 24 23 24 26 29 29 29 30 30 29 30 30 32 32 33 34 37 41 42 38 37 38 40 41 44 43 42 40 39 41 41 40 39 37 37 36 37 36
 22 23 21 24 23 22 23 23 21 21 21 21 22 24 23 23 22 20 19 22 24 25 26 25 23 24 25 26 28 28 29 30 31 30 32 33 35 37 38 38 36 36 36 36 38 40 41 42 41 39 37 38 38 38 37 37 37 35 36 35
 23 22 22 26 25 23 23 22 20 23 25 21 20 22 22 23 23 22 22 21 24 26 27 27 24 24 23 23 25 25 26 26 28 31 32 34 37 38 38 35 33 34 34 35 39 39 39 38 36 36 35 35 34 36 37 36 37 36 37 37
 23 23 23 24 20 19 20 22 22 24 23 23 22 22 21 22 23 22 23 24 24 25 25 25 23 25 25 25 25 25 24 26 28 30 31 33 35 36 35 35 34 33 31 33 38 39 38 36 36 35 35 35 35 33 34 35 35 36 35 38
 24 23 24 22 21 19 19 22 21 23 23 23 23 23 23 24 24 24 25 25 25 25 23 25 24 24 25 24 24 24 26 27 29 30 31 33 33 33 32 34 31 31 30 32 35 35 35 34 33 34 32 32 32 32 34 34 35 38 39 40
 23 24 23 23 22 23 21 22 21 22 23 23 23 23 25 25 24 23 25 24 23 26 25 25 25 24 25 25 26 25 25 26 30 32 31 29 33 32 31 31 30 29 30 30 31 35 34 35 34 32 32 35 35 34 35 35 35 38 39 42
 23 22 21 23 21 21 23 24 21 20 21 21 23 25 26 24 23 24 25 24 24 25 25 26 26 25 27 27 27 27 25 26 28 29 30 29 29 29 32 32 32 32 30 29 31 32 32 34 33 32 34 36 35 34 35 35 36 39 41 43
 25 24 23 23 22 23 22 22 22 21 23 21 23 24 25 24 26 26 25 25 26 25 25 26 26 27 28 28 27 27 27 26 26 26 27 27 28 28 30 29 31 32 30 30 30 33 31 31 31 30 31 33 32 35 34 34 38 38 41 45
 24 26 23 23 23 24 21 22 23 22 22 23 24 25 26 25 26 25 25 26 26 26 26 26 25 28 28 28 27 26 27 27 26 26 26 27 28 27 28 28 30 31 30 30 32 33 31 32 30 31 32 32 32 35 37 38 37 36 41 44
 23 23 21 23 24 24 23 23 22 23 25 24 24 24 24 25 24 24 24 25 26 27 29 28 25 25 27 28 27 28 28 28 27 27 26 27 28 28 28 28 29 31 33 33 30 29 30 31 30 31 34 34 35 37 38 37 40 40 42 42
 26 27 26 24 23 23 23 21 22 24 24 24 23 25 25 25 24 24 25 25 27 27 29 29 27 27 26 27 28 29 30 29 27 27 27 27 26 27 28 29 28 30 31 31 30 29 30 30 30 29 33 35 37 39 38 39 41 41 41 38
 25 24 25 24 23 24 22 24 24 23 25 25 23 24 25 26 25 24 24 25 26 26 28 28 27 26 27 28 28 27 28 29 28 28 28 29 27 27 29 30 31 32 29 30 31 30 29 29 31 33 33 35 36 37 38 39 40 40 39 37
 22 24 25 24 25 24 24 24 24 23 23 25 25 24 25 25 25 26 26 26 26 27 28 29 28 27 27 28 27 26 26 28 30 28 28 29 29 30 30 30 30 30 31 31 31 30 29 31 33 35 36 35 33 33 36 34 38 37 38 37
 22 23 26 25 24 25 25 24 24 23 21 21 24 24 23 25 25 26 26 26 25 25 24 27 29 28 27 27 26 26 28 27 29 28 29 30 30 30 30 29 29 29 29 32 35 31 29 29 32 32 36 34 33 32 34 33 35 34 35 37
 25 23 24 24 25 24 25 24 25 24 25 22 21 25 24 24 26 25 27 27 28 26 25 27 27 27 27 27 27 28 27 27 30 29 31 31 31 31 28 29 29 29 29 29 30 32 29 29 32 32 32 32 30 30 31 31 33 35 35 34
 25 23 26 26 26 25 25 24 23 24 24 24 24 21 23 24 25 26 25 26 27 27 27 27 27 26 28 27 29 29 28 29 30 30 30 31 30 28 29 30 29 29 29 29 29 29 31 30 30 29 31 33 30 30 30 29 32 32 33 35
 26 24 27 25 23 24 25 26 26 26 24 24 24 23 21 24 26 25 25 25 25 26 28 29 28 27 27 25 27 27 28 30 30 29 30 30 28 28 30 29 29 30 30 29 29 30 30 30 30 29 31 33 31 32 31 31 33 32 31 32
 26 27 28 23 24 25 25 25 26 27 25 25 27 25 26 24 23 24 26 25 25 25 27 27 27 27 28 29 28 29 28 27 30 30 29 29 29 29 30 30 29 34 30 29 30 31 31 32 31 30 31 32 30 33 33 33 35 32 32 32
 27 26 26 25 27 25 25 25 26 26 25 25 26 24 26 25 23 23 26 26 26 26 25 26 27 26 28 28 28 28 28 29 29 29 28 30 31 31 30 31 30 32 32 29 33 32 31 32 33 32 32 30 31 32 31 34 34 32 34 33
 26 25 24 25 26 27 26 25 26 24 26 26 25 25 25 24 25 23 25 25 25 26 26 27 28 28 28 27 27 26 28 29 30 32 28 29 29 30 30 31 31 31 31 31 31 32 31 32 32 33 32 32 31 33 33 33 33 33 33 32
 26 25 21 24 26 27 28 27 26 25 25 25 27 26 24 26 25 23 24 27 26 27 29 27 27 29 30 28 27 27 27 28 28 30 30 28 29 30 30 31 32 33 32 32 31 31 32 32 32 32 32 32 34 36 37 37 34 32 35 33
 26 26 24 24 26 26 25 26 25 26 26 25 25 25 26 27 26 24 25 29 29 29 28 30 28 27 30 27 28 28 29 29 28 29 30 28 29 29 29 31 33 32 32 33 32 32 32 32 32 32 34 34 34 37 36 36 34 34 33 32
 27 26 24 24 27 26 26 26 27 28 26 26 26 26 26 28 27 27 28 27 30 27 27 29 29 27 27 27 29 28 28 28 31 31 32 29 29 31 31 30 32 31 30 30 31 31 33 32 31 33 34 32 33 35 34 38 41 37 33 34
 25 25 25 26 25 25 25 27 27 27 29 28 25 25 26 29 28 28 29 27 29 30 28 28 27 26 28 27 28 27 29 28 29 29 29 30 30 31 31 33 32 31 32 32 34 30 31 33 33 35 36 33 33 35 36 42 38 32 33 36
