ViewShed-Visualize/viewshed_visualize/raster.asc
ncols        736
nrows        589
xllcorner    34.904583333285
yllcorner    31.432916666673
cellsize     0.000833333333
NODATA_value -32768
[rows 504 to 545 of 589, columns 372 to 464 of 736]
505 501 510 515 515 516 508 506 504 499 483 473 470 468 481 484 469 447 442 440 436 440 442 433 428 425 423 418 415 411 426 445 435 421 415 411 417 417 409 402 394 385 387 414 409 391 373 371 389 406 399 390 385 373 356 352 350 352 357 369 384 395 402 400 396 395 392 373 361 373 362 348 354 351 355 356 334 323 317 325 320 309 306 303 295 287 291 290 297 291 280 279 279
509 517 524 534 537 531 512 497 493 486 487 496 491 486 504 513 491 466 454 451 458 473 479 465 446 431 421 420 421 410 415 422 416 411 404 400 398 394 391 392 386 387 407 428 421 404 385 368 372 390 392 385 370 359 356 360 357 354 346 347 356 369 376 382 379 383 390 384 387 396 382 365 371 369 362 362 349 337 333 334 319 319 312 301 292 296 307 301 299 294 288 288 287
527 541 554 562 561 539 513 497 498 507 518 522 509 506 522 534 519 497 488 486 491 493 482 468 455 446 437 433 421 410 407 406 400 398 394 394 396 397 396 391 389 406 426 434 422 400 388 375 366 369 373 370 358 361 371 378 375 367 358 349 343 350 357 364 361 367 370 374 378 389 400 399 404 394 388 393 385 364 352 342 329 317 309 300 292 300 317 312 310 314 303 294 284
543 563 573 562 549 537 520 505 522 538 547 542 526 528 531 540 536 527 519 507 488 472 459 450 443 437 434 432 420 410 404 402 402 398 402 410 420 415 404 401 398 412 424 431 420 408 400 385 376 368 363 363 365 376 390 399 386 373 366 362 354 343 343 352 355 355 356 358 366 376 394 414 415 411 408 405 395 383 380 375 357 329 317 307 303 310 319 323 326 318 300 294 292
545 564 578 573 554 535 528 534 548 554 548 540 530 515 510 515 524 526 523 510 484 467 467 469 458 446 431 423 419 421 426 418 404 406 417 436 448 432 416 412 406 413 425 438 440 422 402 394 381 373 370 372 380 393 412 407 390 378 368 363 357 352 344 338 343 346 349 355 365 380 398 408 393 382 383 380 374 376 391 398 374 342 329 315 315 323 332 340 339 323 305 307 299
532 548 573 588 574 556 553 553 545 525 514 508 503 487 478 483 491 498 513 508 490 487 493 478 457 443 433 431 426 423 429 423 407 413 433 453 466 446 430 421 414 419 435 450 454 430 422 415 396 385 382 388 402 415 419 405 388 376 371 367 364 358 354 345 336 337 345 351 361 370 388 395 374 359 359 360 359 368 381 397 388 355 334 327 328 337 359 369 346 321 309 305 300
523 536 552 560 557 551 538 528 516 499 489 481 477 469 463 461 465 478 498 507 500 507 507 489 468 452 445 445 430 418 415 411 408 414 431 450 473 462 451 435 429 429 443 456 455 449 446 430 415 405 408 412 422 418 406 393 390 396 391 383 374 364 359 364 352 335 333 346 354 355 364 369 361 353 353 348 357 373 377 380 374 360 350 351 350 347 357 366 351 332 318 314 312
507 515 526 529 525 521 509 501 492 481 475 471 469 479 482 477 467 458 469 486 494 494 502 506 493 481 471 456 437 421 414 413 416 422 431 445 467 477 470 458 448 437 445 445 430 429 433 434 436 426 421 425 424 426 416 401 392 391 383 376 370 355 348 356 361 348 334 335 343 343 346 354 357 348 345 342 351 361 360 350 346 345 346 344 344 337 346 347 348 335 333 335 332
501 500 500 502 500 495 486 483 483 487 491 490 494 503 502 500 487 466 452 461 463 468 485 499 490 481 465 446 429 421 414 418 423 430 441 453 476 485 481 473 459 449 447 433 415 407 411 417 427 412 402 405 401 408 399 383 371 363 358 356 352 346 342 341 346 345 337 331 331 335 344 353 346 341 338 336 337 343 342 330 329 334 339 333 331 331 334 333 329 325 331 347 346
505 500 495 493 492 491 492 499 509 517 522 518 513 522 528 528 502 478 458 446 447 452 462 466 461 455 446 430 420 420 423 428 437 444 457 473 480 474 471 470 459 442 432 414 403 397 394 395 398 394 387 386 382 379 379 370 358 355 358 355 355 356 352 344 338 335 332 330 325 332 349 358 351 336 329 328 331 330 330 322 324 329 325 323 325 322 323 327 320 319 325 330 327
505 509 512 508 507 509 517 516 528 546 536 519 506 515 526 520 497 474 462 453 445 440 440 438 437 435 432 425 429 434 438 447 461 471 473 477 466 452 445 448 443 427 414 409 418 420 411 393 385 382 379 373 371 368 363 361 355 363 374 380 379 374 361 351 341 342 339 335 327 327 341 347 348 338 325 323 325 324 325 317 325 323 316 318 319 317 316 321 314 312 318 316 313
516 525 531 533 531 528 541 542 545 549 526 508 494 492 496 492 483 469 460 448 444 448 445 439 435 434 435 436 440 453 463 478 489 485 476 464 451 449 440 430 423 419 424 432 441 440 421 400 392 397 393 387 387 384 378 373 366 361 377 401 400 376 360 353 351 348 343 339 332 327 333 338 335 330 323 318 317 314 314 310 316 315 312 314 315 313 312 315 310 309 314 313 306
532 544 551 561 566 558 569 578 581 565 537 513 496 485 478 472 469 465 458 454 455 457 455 454 453 450 451 452 461 467 487 502 495 489 479 471 471 476 465 463 448 443 447 452 443 429 412 403 412 425 419 418 419 411 397 385 373 364 379 402 399 372 363 367 358 347 341 338 334 329 325 331 330 324 320 313 312 310 309 308 306 307 310 310 312 308 306 308 307 309 312 310 304
549 565 579 591 589 580 583 593 594 585 549 520 501 491 480 475 468 468 473 475 479 477 472 480 482 480 477 482 496 501 513 515 504 499 493 491 493 488 481 477 461 449 443 451 448 438 430 420 433 441 439 435 421 404 387 377 372 364 380 402 391 375 382 384 367 354 347 341 335 328 323 322 321 320 315 319 332 332 325 315 306 303 307 312 320 316 304 300 306 307 308 310 306
563 585 600 588 572 561 557 557 568 579 560 534 518 502 494 494 485 490 499 501 502 497 496 495 502 504 501 501 500 498 505 508 498 485 482 487 488 476 459 455 444 431 426 433 443 457 458 446 442 433 428 418 399 383 373 373 370 376 392 399 384 390 400 385 366 354 346 340 334 331 331 324 320 317 320 333 345 341 335 327 311 301 302 310 323 324 308 298 302 304 306 310 305
574 600 607 586 579 571 557 542 541 550 546 532 520 509 507 505 498 496 494 488 487 486 488 485 485 485 482 482 477 474 476 474 468 458 454 456 455 451 440 434 424 420 414 415 431 453 457 445 433 419 414 405 389 378 377 385 389 396 403 393 396 418 415 388 370 354 346 342 336 340 338 330 329 328 331 334 333 328 327 328 320 311 303 301 305 310 304 298 297 301 304 305 296
598 611 615 603 593 579 561 539 528 535 531 519 510 504 499 496 487 481 476 471 471 477 480 476 476 472 470 465 463 459 455 453 450 444 440 437 434 432 428 425 424 428 419 413 427 446 445 428 416 405 398 395 384 380 390 396 407 417 414 396 410 427 411 388 367 355 348 342 340 342 337 338 341 339 331 329 328 330 329 320 313 307 304 299 295 297 295 292 292 296 294 291 292
611 605 588 573 565 550 538 525 521 526 532 531 515 503 494 496 496 496 495 488 470 466 469 471 476 478 476 471 472 467 456 459 455 453 451 446 440 444 439 428 426 425 414 406 415 422 421 419 412 400 389 383 379 386 395 404 417 433 432 411 422 418 392 376 364 358 350 345 345 345 342 347 342 338 333 333 335 345 341 326 315 313 307 302 296 296 293 294 295 292 295 305 316
587 578 560 548 543 531 521 512 519 528 534 532 521 516 504 502 505 504 501 492 471 457 461 467 472 479 487 494 494 482 472 475 476 476 477 473 462 446 432 421 415 413 409 403 403 402 401 404 402 389 388 392 392 394 397 407 433 452 443 425 427 413 388 376 377 371 360 352 353 354 353 347 344 342 341 341 340 340 334 322 322 323 313 305 305 303 298 306 317 316 313 323 327
561 554 544 533 529 521 511 506 516 525 528 524 514 510 498 491 490 492 502 498 474 459 457 466 473 477 487 499 505 491 483 490 503 509 509 491 466 444 430 420 415 417 419 414 409 401 397 392 392 391 398 406 405 407 411 417 440 455 444 440 438 415 396 398 395 376 364 365 365 361 353 354 354 348 344 340 337 332 328 328 324 318 312 309 306 301 303 311 323 326 317 319 321
543 539 528 522 519 514 507 501 509 515 517 513 503 501 496 484 479 491 498 487 469 457 454 462 469 475 481 483 482 477 477 487 505 516 504 479 457 442 429 421 422 427 434 433 423 420 411 400 397 399 410 422 419 420 433 441 446 445 443 445 436 426 418 419 396 378 380 388 384 372 363 359 354 347 342 340 338 332 332 329 323 316 315 317 314 310 313 315 321 323 314 310 312
535 536 526 514 511 507 500 496 507 508 504 501 495 498 498 485 475 480 481 472 462 453 451 455 463 469 473 475 467 464 467 474 486 491 482 464 449 440 436 428 433 441 452 452 436 421 413 407 401 408 420 441 446 440 451 438 421 415 419 427 416 406 405 406 396 383 389 393 397 389 374 361 355 350 350 348 341 334 334 328 321 319 319 319 315 314 316 320 325 324 317 314 318
529 533 530 515 504 501 496 495 498 496 494 493 493 498 499 488 475 470 467 468 463 452 448 452 457 460 463 463 455 460 461 465 469 470 466 461 457 449 444 441 448 462 467 454 434 422 416 411 416 428 432 449 449 443 449 434 414 402 398 403 401 395 388 389 386 378 377 379 384 385 378 367 362 359 355 347 338 337 339 331 328 328 323 321 321 322 324 326 325 323 319 317 319
524 525 525 517 507 500 495 491 490 489 488 486 492 495 498 491 484 481 472 466 459 449 445 449 456 459 460 454 449 451 453 458 456 453 452 453 452 443 443 453 466 482 465 445 437 437 428 420 432 445 443 435 425 419 425 422 414 401 390 390 389 385 381 378 376 372 370 369 371 372 372 368 362 355 350 344 340 340 341 337 336 338 335 328 328 336 339 332 326 323 324 323 319
518 520 517 511 509 507 500 491 484 483 481 481 487 493 496 490 487 488 483 475 469 456 444 454 466 473 466 456 448 444 447 450 444 443 443 449 445 436 441 453 474 490 473 460 461 447 431 435 438 434 421 416 412 404 406 405 397 391 385 384 384 378 373 372 369 365 363 362 362 366 377 384 368 353 349 344 345 344 347 351 357 357 346 338 340 340 336 330 328 329 328 329 323
516 521 514 506 506 506 497 495 495 486 480 479 480 484 491 490 480 485 485 472 462 456 440 442 456 467 464 455 453 441 441 446 438 438 441 448 446 433 435 447 458 471 482 480 463 441 440 444 430 418 407 404 406 399 395 392 385 381 375 374 376 372 367 366 365 361 359 359 358 359 365 377 372 359 356 354 356 360 359 366 374 371 357 350 346 343 337 331 334 334 335 333 328
514 514 508 503 504 506 502 503 500 492 492 490 485 476 473 477 473 473 478 464 443 433 431 430 432 446 458 454 453 447 437 439 432 435 436 436 438 429 430 440 444 451 466 483 471 455 454 437 421 409 401 395 394 389 385 382 375 372 369 368 368 367 365 366 364 365 367 366 360 357 358 365 368 362 363 372 378 379 375 368 367 368 361 356 354 347 336 336 338 342 339 337 336
505 505 503 499 500 503 499 499 499 497 499 497 496 484 474 469 463 456 456 445 437 454 454 450 440 429 442 445 450 449 436 431 427 429 431 429 429 423 428 432 433 436 444 457 467 467 449 427 417 407 400 392 386 381 377 375 373 375 376 378 378 379 384 379 374 375 370 366 364 356 353 357 357 356 359 365 369 366 363 358 357 362 362 364 363 349 344 345 342 346 345 344 343
501 502 498 496 497 497 494 495 501 502 503 499 494 492 496 489 476 461 449 440 445 474 473 471 455 433 422 428 437 442 439 427 427 422 421 421 421 417 422 423 423 426 429 435 446 446 430 414 409 404 398 389 385 378 377 379 380 383 389 390 388 397 403 389 379 375 370 369 372 364 352 352 352 350 349 355 356 352 354 351 351 353 357 364 368 360 359 362 351 346 343 341 339
498 496 494 496 498 496 492 497 506 511 515 506 505 506 509 504 494 486 476 452 445 476 487 479 463 445 439 433 426 422 422 418 415 412 412 413 412 410 413 413 413 416 419 424 426 426 421 420 408 398 394 388 382 377 381 389 394 391 396 403 406 412 398 384 377 373 367 367 370 368 362 357 358 357 349 349 356 349 347 348 348 349 355 362 367 367 363 358 351 346 343 337 336
490 490 495 503 503 492 493 504 515 522 524 516 508 499 486 475 467 476 483 459 448 478 487 480 470 453 455 449 437 435 429 426 421 412 408 405 403 404 405 407 404 403 403 406 412 415 411 417 406 393 390 384 379 383 391 399 404 402 401 404 409 401 388 384 377 373 366 366 365 365 365 364 359 353 349 346 353 349 342 342 350 354 349 349 352 357 353 350 350 347 345 340 341
485 484 492 500 505 488 480 501 514 520 513 498 479 463 458 460 453 448 461 453 445 474 489 489 472 461 460 447 443 439 433 440 442 431 425 415 409 403 400 399 396 395 395 394 402 415 408 402 397 390 384 382 385 392 407 421 422 422 412 404 403 395 391 390 380 376 371 371 368 373 381 375 365 356 350 345 347 340 334 335 344 345 342 344 348 355 353 349 347 346 345 342 344
491 482 483 485 488 478 464 486 505 490 472 465 460 466 484 486 467 452 444 441 451 480 492 481 472 473 460 452 451 443 440 441 443 441 435 423 415 411 411 409 403 402 401 396 393 399 397 392 387 383 383 387 395 396 407 426 441 437 419 403 397 389 384 382 377 375 374 372 372 375 384 387 376 363 351 344 341 337 337 335 335 340 341 342 343 349 349 350 348 349 349 344 340
489 478 481 483 477 474 465 474 475 463 469 480 494 496 507 499 478 474 467 465 484 499 497 482 481 475 464 462 458 452 451 447 441 431 427 426 424 422 419 414 409 405 400 396 393 390 390 389 386 387 391 395 400 406 415 424 437 442 419 406 401 390 381 379 378 375 371 368 368 367 369 371 366 361 359 354 345 344 343 339 333 338 340 342 344 346 345 345 346 347 349 345 338
484 487 504 508 500 489 476 468 471 479 489 517 527 518 528 524 498 501 494 483 501 510 497 489 489 481 471 466 461 462 460 448 437 437 439 437 434 429 425 421 414 407 400 400 396 393 394 393 394 398 404 409 415 419 431 443 447 428 411 401 392 391 386 383 385 380 372 367 368 366 363 360 359 355 352 348 344 343 339 335 336 345 350 352 342 340 343 344 343 346 347 341 336
501 509 518 523 514 519 516 507 505 502 504 535 542 532 549 543 520 520 515 506 507 512 502 499 497 489 476 471 466 470 476 460 450 454 453 443 438 434 426 418 411 407 408 407 401 395 396 398 401 409 420 433 440 445 448 455 439 413 401 393 387 389 387 381 384 386 379 375 374 374 369 366 369 367 363 356 350 347 337 333 345 353 357 352 339 337 338 338 342 346 347 343 335
501 515 523 529 532 542 546 532 527 518 531 554 557 554 566 556 543 542 538 524 526 518 510 509 503 492 484 480 473 476 482 473 469 475 467 456 452 439 426 419 415 415 422 422 414 406 400 403 411 426 439 456 465 469 470 457 433 413 401 394 388 382 379 375 378 380 378 381 380 379 377 377 378 373 372 365 356 350 337 333 343 343 343 342 337 338 337 338 342 346 348 344 333
497 509 526 537 544 554 558 545 546 535 556 579 580 575 575 569 564 557 546 536 528 519 513 509 499 490 489 484 476 468 463 460 460 464 464 466 461 442 427 421 416 417 427 437 432 420 410 407 413 427 437 440 442 449 458 443 421 410 406 397 389 386 378 374 376 375 374 378 379 381 380 379 378 376 366 360 355 345 344 340 332 328 329 330 336 334 334 340 343 347 346 340 335
501 513 533 547 557 563 565 554 560 557 565 577 583 585 575 565 557 550 537 521 516 513 499 494 492 482 488 479 468 461 453 449 451 452 455 465 461 446 431 418 412 417 426 426 422 416 407 403 408 414 416 420 423 425 437 427 413 404 399 392 385 381 376 371 369 369 369 373 377 379 379 373 375 377 369 360 353 349 352 351 346 341 330 323 325 329 335 342 345 344 344 339 332
508 526 539 549 563 569 569 562 566 576 581 582 583 583 571 559 546 537 535 519 503 498 485 477 477 473 476 469 462 458 449 443 446 454 450 445 440 439 432 419 408 413 423 417 411 405 400 398 403 402 405 410 413 422 432 428 417 400 393 387 383 380 379 375 368 365 368 378 377 374 373 370 374 378 368 362 359 356 354 349 344 343 336 323 322 326 332 338 338 339 348 347 333
525 537 555 566 575 578 574 572 574 582 589 588 581 575 568 553 541 526 526 516 497 492 490 482 469 460 461 457 455 454 448 440 453 469 457 436 424 423 425 418 405 408 414 410 404 399 399 392 395 396 403 404 402 407 412 410 414 400 393 385 378 375 378 375 369 363 364 372 370 367 366 368 376 378 369 366 364 360 355 344 338 333 327 321 319 326 331 335 338 341 350 354 343
533 544 559 575 580 582 579 575 574 579 578 576 569 561 559 555 540 523 514 505 503 509 497 484 472 462 450 444 445 443 438 436 449 463 462 444 428 420 415 415 410 404 405 406 401 398 401 396 390 391 396 396 399 399 398 400 398 391 385 380 374 372 374 380 374 364 359 363 357 348 347 358 367 371 369 362 361 355 350 342 332 327 322 319 320 328 330 334 344 351 351 348 342
