Java Calculations/raster4.asc
ncols        571
nrows        450
xllcorner    35.337083333284
yllcorner    33.002916666673
cellsize     0.000833333333
NODATA_value -32768
[rows 252 to 293 of 450, columns 380 to 474 of 571]
150 161 169 184 193 199 202 203 205 209 213 217 221 224 231 244 253 259 265 270 273 279 285 290 299 306 310 315 324 333 339 346 356 367 377 390 402 414 426 439 451 465 477 496 517 536 560 577 590 601 604 603 610 610 608 619 636 653 667 673 677 687 698 711 722 737 751 764 773 786 796 800 804 806 808 811 812 814 819 822 825 827 828 829 830 832 834 837 838 840 844 847 853 855 857
148 158 165 179 193 200 204 207 208 211 211 216 225 226 232 248 256 261 266 269 275 281 287 293 299 304 307 314 322 328 334 342 352 364 376 392 412 434 449 460 472 486 502 508 523 540 560 579 597 611 616 620 633 646 643 641 639 640 649 659 667 679 691 702 714 727 742 755 768 780 792 800 803 807 809 811 813 816 819 822 825 827 828 828 826 828 831 833 835 837 841 842 847 850 853
146 157 165 174 189 202 205 208 210 212 214 221 228 229 235 248 255 259 264 269 273 278 285 290 294 299 303 310 318 325 330 338 351 365 384 401 426 450 464 473 491 513 528 540 546 549 554 562 576 593 601 609 630 656 672 673 670 657 653 663 675 686 698 709 722 736 746 757 767 779 790 795 797 802 806 808 814 821 823 823 826 826 825 823 823 826 830 831 833 838 842 845 846 849 851
144 157 168 172 186 203 208 208 208 212 215 224 231 232 237 246 253 254 260 267 272 277 281 286 291 297 302 310 317 324 331 340 351 372 397 420 440 458 468 482 506 522 541 560 573 581 584 579 576 579 582 591 614 639 665 680 681 675 668 679 687 696 710 724 738 754 766 772 775 783 791 795 795 801 807 811 814 821 823 823 820 819 818 819 823 824 826 830 836 841 842 843 845 848 849
145 162 170 174 186 199 205 206 205 209 215 220 228 230 236 247 254 256 262 269 275 282 288 294 298 302 307 313 323 330 337 346 359 380 405 425 442 455 468 481 498 518 542 567 584 595 605 609 610 605 601 598 600 618 648 674 685 686 684 685 696 707 720 731 746 763 775 781 783 785 788 792 798 804 808 812 816 819 818 814 811 810 811 815 821 823 826 831 836 837 837 839 845 848 849
150 166 175 179 185 193 201 202 202 206 210 214 223 227 235 246 251 255 261 269 277 284 291 296 301 305 311 317 328 338 348 357 369 386 405 424 441 452 467 482 497 515 537 562 584 598 612 620 626 631 631 630 618 614 632 656 675 688 692 692 700 712 726 738 752 771 780 785 786 787 789 788 792 799 806 811 809 807 806 808 807 806 809 813 817 821 823 827 829 831 835 839 843 846 851
155 170 176 180 182 189 197 200 201 204 208 211 219 228 237 244 249 255 263 273 282 290 293 300 305 309 315 323 335 343 356 367 380 398 420 441 454 466 480 498 515 530 547 564 579 595 611 620 631 637 640 644 646 639 641 653 662 681 697 705 707 714 729 741 757 772 781 784 786 786 788 788 789 793 801 804 802 802 802 802 805 808 811 814 816 821 824 825 828 831 833 839 843 846 851
160 172 177 179 180 186 192 197 199 203 207 211 218 228 238 244 249 255 261 272 281 289 295 303 308 313 319 330 342 351 366 377 391 401 413 437 466 486 506 521 535 553 573 585 595 606 616 625 636 645 651 662 669 662 667 682 683 683 697 708 715 721 727 740 754 768 777 783 782 784 788 790 790 789 791 795 798 800 800 802 803 809 813 814 815 818 820 823 826 830 833 838 842 844 848
160 171 176 179 180 184 190 194 196 202 209 211 216 226 236 243 248 255 262 270 280 288 297 303 310 318 326 339 353 362 378 394 408 421 430 435 465 499 527 543 555 571 589 602 608 617 624 633 641 650 663 676 684 686 686 694 701 697 702 712 721 728 733 741 753 765 773 776 779 784 787 788 787 786 789 794 798 800 801 803 804 806 810 812 815 818 819 820 823 828 834 838 841 844 847
159 169 174 176 179 183 189 193 196 199 207 211 215 224 235 245 251 257 263 270 278 285 296 303 313 324 338 356 370 387 407 423 434 447 461 463 465 485 513 540 562 579 593 606 612 618 623 627 635 651 666 678 689 699 703 704 708 705 710 717 726 731 736 742 754 764 769 772 774 779 783 782 781 784 792 796 799 801 801 803 805 806 809 811 814 814 818 819 823 828 832 838 840 844 847
156 165 171 176 178 184 192 196 198 199 206 210 214 222 232 243 252 258 264 270 276 284 293 305 316 334 355 375 393 411 431 451 463 472 487 495 497 496 495 507 530 555 574 588 601 611 618 625 635 651 667 680 694 699 704 711 712 712 716 719 727 733 734 740 751 759 765 767 770 775 776 776 780 784 793 796 797 799 802 802 804 805 807 810 811 814 815 818 822 825 830 837 841 843 844
155 165 171 174 177 184 191 196 198 199 204 211 214 221 231 243 254 261 265 269 275 283 292 306 322 343 366 387 413 432 450 474 485 495 508 522 530 535 542 543 537 541 554 570 582 594 604 615 633 646 660 670 677 685 701 710 713 717 721 726 734 738 740 746 751 756 763 764 768 771 772 777 782 785 792 793 795 797 799 802 805 806 806 808 810 815 818 820 823 826 829 832 834 840 843
155 165 168 172 176 181 187 193 196 198 205 212 217 221 230 243 258 263 266 270 275 281 293 314 331 348 369 398 423 449 468 484 498 511 526 542 553 560 569 575 572 580 587 591 589 595 612 633 645 651 657 664 676 678 688 704 713 719 723 730 737 742 745 748 750 755 760 763 765 768 771 776 780 785 789 792 792 792 797 802 803 803 804 804 807 813 819 820 820 825 827 827 832 839 844
150 160 166 172 176 182 190 193 195 199 205 211 216 221 229 241 255 262 267 270 274 283 295 316 333 353 376 399 425 454 472 488 503 517 534 549 560 570 580 591 598 605 611 619 625 629 634 648 656 666 677 689 696 697 692 695 702 712 714 723 731 737 741 746 749 752 755 759 761 767 771 774 777 781 785 787 787 791 796 798 800 801 802 800 803 810 816 815 815 820 822 825 830 836 841
147 158 166 171 178 185 190 193 195 200 204 214 218 220 228 241 251 258 264 269 274 286 303 318 338 360 383 406 429 455 472 489 506 522 540 553 565 575 585 596 606 615 625 634 640 647 651 657 662 673 683 691 700 706 709 711 709 710 717 726 732 737 738 743 748 754 755 759 762 767 770 771 774 777 777 779 782 789 793 796 798 798 798 799 798 803 807 811 816 818 821 823 827 830 836
144 155 164 168 177 183 188 190 193 196 205 217 223 225 230 240 251 258 262 269 277 286 301 320 343 370 394 418 439 459 476 495 513 529 541 556 567 578 589 600 613 623 631 640 647 655 660 666 674 679 688 695 703 706 711 717 721 724 730 737 743 746 749 751 753 758 760 760 763 766 768 770 772 774 774 777 781 786 791 792 793 794 798 799 800 803 805 810 816 818 820 824 825 829 836
146 154 164 169 175 181 183 187 192 198 206 216 223 229 234 239 250 259 263 269 279 296 309 323 341 364 390 417 440 463 482 498 511 528 545 557 569 585 596 608 619 627 634 641 648 656 662 670 676 682 687 696 704 709 716 720 725 727 731 737 742 745 749 753 754 758 759 761 761 765 767 768 769 773 775 777 778 781 784 786 787 790 796 798 799 801 803 809 811 814 818 823 828 835 840
145 157 166 171 176 178 183 187 192 199 208 215 223 231 236 241 255 264 268 274 291 310 327 343 363 380 397 419 439 456 474 496 510 524 537 551 563 578 592 607 620 630 638 646 650 656 665 672 678 682 687 696 703 709 715 719 724 729 736 739 742 747 749 752 754 756 758 761 761 762 763 767 770 771 772 773 773 777 780 783 785 790 793 796 798 802 804 807 813 815 820 828 835 836 838
147 159 166 170 175 178 182 186 196 203 212 220 227 234 239 245 255 264 273 287 303 326 345 361 377 394 415 431 453 472 489 505 519 532 545 558 570 584 598 606 616 627 634 643 650 655 663 671 675 685 688 692 699 704 712 718 723 731 737 739 740 745 750 752 754 754 754 756 758 762 764 766 770 768 769 771 773 777 780 784 789 793 795 798 801 805 809 813 819 823 828 832 834 832 832
151 160 166 170 174 179 184 191 200 208 217 225 232 238 243 250 257 268 284 301 319 340 361 380 393 408 423 438 456 475 491 507 524 538 549 564 575 586 600 612 623 631 637 641 649 657 668 676 678 683 688 693 697 702 709 715 721 729 737 735 736 744 750 750 751 753 753 756 757 763 764 765 767 766 769 773 776 778 781 787 790 795 797 800 804 810 815 821 823 824 826 827 825 825 827
153 161 166 170 175 182 188 196 205 213 222 227 235 242 248 255 262 273 291 313 332 353 375 393 410 424 436 450 462 475 493 507 525 544 558 574 585 599 607 619 627 638 643 648 655 661 668 676 682 685 690 695 703 709 710 712 715 724 729 730 731 739 744 747 749 754 755 757 759 761 762 765 768 769 772 775 777 779 783 787 788 793 798 802 808 814 816 820 820 818 819 821 821 823 828
152 160 165 170 175 181 187 198 210 219 224 231 237 245 251 258 267 280 298 327 356 374 392 408 424 439 451 462 470 483 503 517 534 552 569 581 593 609 620 627 631 638 644 651 660 663 668 675 681 685 691 698 704 710 713 715 723 731 733 734 731 736 743 748 751 754 757 757 759 761 761 763 768 770 774 776 779 781 783 786 787 793 798 802 808 811 812 814 814 815 819 824 826 829 835
153 161 165 170 175 181 190 198 210 220 228 233 238 246 252 260 275 292 313 344 379 399 416 433 448 457 466 474 485 497 512 529 543 558 579 592 604 615 625 630 635 644 648 653 659 663 670 676 680 685 688 695 701 705 709 714 723 731 734 737 740 741 743 748 750 753 754 758 760 757 759 760 764 769 772 777 778 781 782 784 786 790 795 798 802 804 806 810 812 816 820 826 830 835 838
153 160 164 169 175 182 191 201 211 222 228 233 241 247 255 266 282 302 328 362 395 418 441 462 473 480 485 493 501 515 526 542 558 575 592 605 614 619 625 633 637 645 650 655 662 669 674 678 681 683 687 691 696 700 704 710 720 726 734 737 743 744 743 745 749 753 754 756 760 761 764 765 767 770 771 775 778 781 783 787 789 792 794 796 798 800 805 809 814 817 821 825 827 830 836
150 158 162 166 174 180 188 200 209 217 225 234 245 253 262 271 288 314 347 384 415 437 456 476 491 497 503 510 523 539 552 564 579 595 611 617 621 627 629 633 640 646 651 658 666 670 678 682 684 687 690 692 694 698 704 710 718 724 730 737 743 747 745 745 747 752 755 757 760 762 765 766 769 771 773 777 780 783 786 789 794 794 796 798 798 800 803 811 814 817 820 822 823 822 829
148 152 157 164 173 180 188 197 206 215 223 237 249 258 267 281 302 324 365 403 439 457 474 490 500 509 516 524 539 557 573 585 596 608 619 621 625 633 635 637 643 649 654 660 666 672 677 681 684 688 689 691 692 699 705 709 715 721 726 733 740 746 748 746 746 750 755 757 761 762 762 764 766 771 774 779 784 787 790 790 794 796 796 796 796 797 802 811 813 814 818 817 816 816 820
141 148 157 165 172 180 190 200 211 220 230 235 245 260 271 288 311 343 378 409 443 472 489 505 515 521 527 539 550 566 586 598 608 619 624 627 631 637 641 644 651 655 660 664 669 672 676 680 683 686 687 688 692 698 703 708 712 717 724 731 739 740 738 741 743 746 751 757 759 760 762 762 764 769 773 778 782 785 787 789 792 793 793 793 794 798 805 808 810 812 812 809 808 812 815
145 149 156 164 171 182 194 206 215 226 235 245 250 263 276 293 326 366 398 416 440 478 502 519 526 533 538 547 557 571 586 599 607 617 622 628 634 640 643 647 651 657 665 668 672 673 675 678 681 683 687 690 695 700 703 707 712 716 720 726 729 729 734 745 751 752 753 757 758 759 761 762 763 766 775 776 778 781 782 785 789 790 791 791 793 796 800 802 805 807 807 807 806 806 810
147 145 152 161 171 185 195 206 218 230 240 251 259 265 280 300 334 373 402 422 442 474 507 524 535 541 545 554 559 573 584 593 603 609 618 625 631 638 644 647 651 658 665 669 671 671 674 676 680 683 688 692 694 700 704 706 710 713 714 718 724 732 741 747 752 756 759 763 762 761 763 764 764 765 769 770 774 776 778 782 786 789 789 793 794 796 797 798 801 801 806 806 806 806 806
143 141 150 159 170 181 191 203 216 227 241 254 265 278 286 292 312 350 388 424 442 453 476 499 517 529 540 554 562 569 578 588 598 604 611 621 628 633 640 643 648 656 660 663 666 669 672 673 677 682 686 690 692 695 700 704 706 709 708 716 722 729 738 744 751 754 758 761 763 766 767 766 767 767 771 770 772 774 777 781 786 790 792 794 795 795 796 798 801 802 806 806 806 806 806
135 139 148 160 169 178 189 203 216 230 244 261 274 290 311 317 320 329 357 379 399 411 429 462 476 485 507 528 544 558 572 584 594 602 608 617 621 627 633 636 646 653 658 663 666 669 672 673 676 682 686 691 693 696 699 704 704 705 706 713 718 730 739 745 749 754 758 761 764 768 770 770 773 777 782 779 776 774 776 779 785 787 791 794 796 794 795 796 796 797 802 807 806 806 806
139 143 149 158 169 180 189 199 213 231 252 273 290 308 327 350 369 382 387 403 422 440 437 435 439 446 458 477 490 517 538 565 589 596 603 609 618 630 637 643 649 655 661 665 668 671 674 676 677 684 689 693 697 699 701 704 704 705 707 713 720 730 741 748 753 759 763 766 770 772 773 773 775 778 781 783 785 779 776 781 784 786 788 790 793 791 794 795 794 798 800 807 806 806 807
139 144 150 161 171 179 187 199 212 235 256 276 295 319 338 364 387 411 439 464 479 497 499 490 469 472 473 467 487 521 543 567 584 591 601 610 622 631 638 644 650 657 660 665 669 672 676 680 682 684 688 691 694 698 702 705 706 707 711 716 721 728 739 749 755 761 765 767 770 773 774 775 778 781 782 783 785 784 784 786 786 786 789 790 793 794 795 797 800 802 804 804 806 806 806
138 146 155 166 174 180 188 201 215 233 256 275 298 321 347 372 396 424 457 486 501 511 518 527 529 526 536 541 531 545 571 587 591 597 605 614 626 634 638 642 649 655 658 664 669 673 677 680 683 686 687 689 692 695 701 703 709 712 715 720 725 729 736 746 754 756 760 763 767 771 774 776 779 781 783 785 784 787 790 790 789 790 792 792 792 793 795 801 804 807 810 808 808 806 806
141 156 168 176 177 181 185 197 214 232 252 273 298 326 357 380 404 435 465 492 501 511 520 530 540 550 556 564 576 579 576 586 597 601 607 616 625 634 638 642 648 653 657 662 667 671 675 679 683 686 687 690 693 695 698 700 707 712 716 722 726 731 737 745 754 756 758 762 767 769 772 775 779 781 783 783 784 787 789 789 789 791 794 792 792 792 794 797 799 805 809 811 812 812 816
147 162 173 177 176 180 186 197 212 229 250 272 301 327 357 382 410 443 473 493 503 513 524 533 543 552 562 572 582 592 597 595 600 604 610 618 626 631 636 639 645 649 655 662 667 672 676 680 684 687 688 690 692 693 698 702 706 712 715 720 725 730 737 746 751 753 756 760 763 767 768 772 777 779 780 781 781 782 783 785 786 789 790 791 792 792 795 798 801 808 811 813 814 816 815
147 162 169 172 174 180 190 202 215 232 253 272 296 321 352 379 409 445 471 492 505 513 525 537 547 557 566 574 585 596 603 605 606 610 612 618 625 630 635 640 643 648 654 659 665 670 675 678 682 687 688 689 691 695 699 703 707 713 716 720 724 728 737 742 746 750 754 759 763 769 771 773 776 777 779 779 779 781 783 785 787 788 790 792 792 793 797 800 802 807 809 811 816 818 819
140 154 165 169 173 183 192 204 217 233 262 279 302 336 364 391 424 452 475 491 504 515 525 536 546 557 564 575 584 595 602 608 613 617 618 623 625 629 633 640 644 647 652 656 663 671 675 680 684 689 691 693 695 698 700 702 707 712 717 723 727 731 735 739 742 749 754 759 763 767 771 772 774 775 775 777 779 782 783 786 787 789 791 792 793 796 799 801 804 808 810 814 818 821 820
149 160 168 172 178 187 195 209 224 243 270 294 315 346 377 406 434 460 483 499 510 518 526 536 547 559 567 577 585 594 604 609 613 617 623 630 636 637 640 643 645 649 652 655 663 671 674 678 684 689 692 695 700 702 702 705 709 713 719 725 729 732 735 737 740 746 752 756 758 763 767 770 770 772 775 776 780 784 785 787 790 792 794 796 802 802 803 804 809 812 812 816 821 823 825
153 163 172 178 187 197 206 216 232 250 285 306 327 360 390 423 446 466 489 503 514 524 532 539 550 560 570 579 588 594 604 611 614 617 626 634 641 644 645 648 652 654 657 659 662 669 671 676 682 686 692 697 702 707 706 709 713 715 720 726 730 732 735 736 739 742 746 751 755 759 763 768 770 772 775 777 779 783 785 788 789 791 797 805 809 810 809 809 812 814 812 815 820 823 826
159 171 180 186 198 208 220 232 243 263 289 310 340 371 406 439 463 480 494 510 520 528 535 543 552 562 570 578 584 593 601 605 612 621 629 633 636 640 644 651 655 660 664 666 667 667 670 674 679 684 691 697 702 707 708 710 715 718 722 725 728 730 732 736 739 741 744 749 755 758 763 766 770 775 776 777 779 781 783 786 788 791 798 806 810 813 813 814 814 817 816 817 821 826 828
168 180 192 203 216 225 239 248 258 276 306 323 350 382 414 446 469 487 502 512 523 529 538 544 552 561 568 574 580 588 594 600 610 619 625 628 630 634 640 650 655 661 664 664 667 669 670 674 679 684 690 696 700 704 709 711 714 719 722 725 727 729 734 740 740 740 745 748 752 757 762 766 769 772 778 780 780 781 782 784 786 791 800 803 809 816 817 819 820 821 821 821 823 829 834
