Java Calculations/raster4.asc
ncols        571
nrows        450
xllcorner    35.337083333284
yllcorner    33.002916666673
cellsize     0.000833333333
NODATA_value -32768
[rows 84 to 125 of 450, columns 285 to 379 of 571]
499 499 498 497 499 499 499 499 498 498 499 498 499 499 499 499 499 499 499 501 499 500 501 503 507 512 524 537 553 565 574 576 584 604 620 625 627 627 626 628 622 611 594 573 546 527 514 508 505 501 499 498 496 495 494 490 481 477 472 463 454 444 431 415 399 403 408 406 397 392 387 384 382 381 380 376 361 349 351 353 359 366 372 374 377 381 383 383 386 391 403 416 423 424 427
497 498 499 498 499 497 497 498 499 500 500 499 498 498 498 499 499 498 498 498 498 499 500 504 509 511 517 522 535 548 557 565 587 605 613 617 616 614 613 612 606 594 575 549 527 515 510 504 501 500 496 492 492 494 492 489 484 477 469 459 448 440 428 412 396 402 410 406 396 389 385 382 379 377 379 365 347 350 356 360 361 363 367 368 373 380 383 385 387 394 409 416 419 425 427
496 498 498 498 498 498 497 498 499 498 498 498 497 497 498 499 499 498 498 499 499 499 500 504 511 520 527 529 531 538 545 557 579 594 600 604 602 598 591 590 583 567 551 529 517 510 508 504 501 498 493 490 487 490 489 489 486 479 466 454 444 433 420 401 391 405 411 403 394 388 384 381 375 372 371 359 346 349 353 355 356 360 367 368 372 376 379 384 388 396 408 413 418 423 426
497 498 498 497 498 497 497 497 498 497 496 497 498 498 498 497 498 499 498 498 498 498 499 511 529 542 549 544 537 536 540 546 561 576 583 585 580 575 568 563 554 544 531 520 512 508 503 502 499 495 490 483 483 483 487 488 483 475 463 452 441 430 417 399 388 402 409 401 391 386 380 378 373 363 356 349 344 343 348 352 354 361 368 371 376 376 377 382 389 395 404 411 417 422 424
496 497 497 497 497 498 498 498 497 497 497 497 498 498 498 497 499 498 497 497 497 498 506 529 551 564 562 552 541 538 540 552 565 571 578 576 568 562 555 548 541 532 523 514 508 505 503 499 497 492 485 474 474 479 481 484 478 469 459 450 441 428 414 397 387 397 406 401 391 381 373 370 359 349 344 341 339 340 348 354 355 358 362 367 370 374 378 383 390 400 410 414 422 426 427
495 496 496 498 497 496 496 496 497 496 497 499 498 499 499 498 497 497 498 498 498 500 521 547 566 571 567 559 551 543 541 556 571 580 582 575 568 564 555 543 533 522 511 508 502 500 498 496 493 488 478 468 466 473 477 478 473 463 450 447 442 433 424 405 385 392 400 392 383 373 366 354 343 340 339 337 337 346 352 360 368 364 361 364 368 375 381 384 390 397 409 416 425 426 427
496 496 496 496 496 496 496 495 497 498 497 498 498 497 498 498 497 495 497 497 498 509 533 554 569 572 568 562 558 547 537 549 561 579 581 573 564 553 538 524 514 509 503 500 499 497 495 491 487 482 477 472 467 463 467 469 461 450 442 442 441 431 419 400 379 383 388 385 375 366 353 340 334 334 337 341 346 350 354 363 372 371 366 366 369 377 386 392 393 396 401 412 419 422 425
496 496 497 496 497 497 496 496 495 497 496 497 496 495 497 498 497 497 497 498 505 525 548 564 568 568 565 559 553 540 525 534 556 569 566 556 544 532 517 505 501 500 498 497 496 493 490 486 482 481 479 476 473 462 451 453 445 437 437 442 432 417 403 385 371 376 380 376 369 358 345 334 333 337 345 347 348 350 353 359 366 368 367 368 373 379 386 394 399 397 400 410 419 420 423
496 495 495 495 496 496 497 496 495 495 496 497 498 497 496 496 496 495 497 503 519 542 560 565 562 560 556 553 546 528 511 524 549 556 547 533 522 512 501 496 494 493 494 491 489 488 486 484 484 481 479 478 474 465 449 433 427 428 435 430 413 397 386 374 369 372 372 367 362 352 336 330 333 340 346 346 348 351 353 359 362 366 367 370 372 376 386 393 398 398 403 410 418 422 425
496 496 495 495 495 497 497 496 497 497 497 498 498 497 495 496 496 496 500 515 539 562 570 565 555 549 546 543 530 508 496 519 539 537 522 509 503 496 492 489 489 487 486 485 482 480 480 483 482 480 478 476 470 459 447 429 415 420 419 407 394 385 377 367 365 367 364 359 353 344 330 330 334 340 344 348 350 354 358 364 364 365 368 370 372 378 388 393 398 401 404 410 418 421 422
494 495 494 495 495 496 495 495 496 497 498 497 496 497 495 496 497 500 511 536 561 577 576 567 553 542 533 528 509 487 483 508 524 514 496 488 487 487 485 484 483 481 480 476 475 476 475 477 478 477 474 473 462 452 436 421 408 409 400 390 382 378 372 365 361 361 357 350 342 334 328 331 336 340 344 349 354 356 358 362 363 363 365 370 374 379 387 395 399 402 406 414 422 422 421
496 495 495 496 495 495 496 496 497 496 497 497 495 496 496 496 496 502 528 555 575 584 580 566 550 542 530 508 485 466 468 490 502 490 476 475 477 478 478 479 477 474 471 468 468 473 471 470 470 469 466 459 449 440 423 407 396 394 387 380 375 371 368 363 352 354 344 336 331 327 329 329 336 342 347 351 352 355 356 357 359 362 366 371 376 381 388 398 403 405 409 414 420 419 417
497 496 497 498 496 496 498 496 495 495 495 496 496 496 495 497 496 507 535 561 579 580 573 561 547 543 534 515 486 459 454 470 477 466 460 464 466 468 474 473 472 468 463 461 465 464 464 461 459 459 458 448 436 425 412 398 389 385 381 374 372 367 364 355 343 341 332 329 326 326 332 334 341 346 349 352 353 353 352 354 357 362 367 371 376 380 389 396 401 405 412 415 417 417 416
496 495 494 495 495 496 496 496 494 493 495 496 496 495 495 495 499 521 549 567 577 578 570 561 556 548 533 509 480 455 445 452 452 450 451 455 460 466 470 468 462 459 456 458 459 456 453 450 449 446 440 432 420 411 403 395 387 380 372 368 364 363 359 353 341 333 326 324 328 331 335 339 346 352 350 350 351 349 348 350 355 360 367 371 375 380 387 392 396 401 409 413 411 409 412
494 494 493 494 496 495 495 496 495 495 495 496 496 494 494 495 505 532 557 571 581 582 580 576 568 559 532 502 469 449 443 438 439 441 444 452 457 462 463 457 451 448 447 452 450 444 439 435 433 429 421 415 408 403 398 393 385 376 372 366 357 352 348 342 334 326 323 326 331 333 335 340 350 352 347 346 347 345 346 349 354 358 365 372 376 381 385 388 392 396 403 408 405 407 408
494 494 494 494 495 495 494 494 495 496 495 495 495 494 494 497 514 542 564 579 589 593 596 589 581 566 533 497 466 448 439 437 436 437 441 449 454 454 452 444 437 434 437 443 440 433 427 423 420 415 411 405 402 397 392 388 381 371 369 367 360 350 342 329 324 322 323 328 330 334 336 340 343 341 338 340 342 338 340 345 347 354 363 372 378 379 381 386 391 394 398 400 399 403 406
494 494 495 495 494 495 494 494 494 495 495 495 495 494 494 498 517 546 566 586 598 606 605 596 584 568 536 499 469 445 438 436 433 435 440 444 444 443 438 432 427 424 430 434 433 425 418 413 410 408 406 402 399 396 389 383 377 370 367 365 358 350 334 321 321 324 326 330 332 335 335 336 334 330 330 333 334 333 335 340 345 351 359 370 374 375 379 384 390 392 395 397 400 404 407
493 494 494 494 494 495 494 494 494 494 495 496 495 494 493 502 525 552 573 591 603 609 607 597 584 568 543 507 474 447 440 435 432 433 436 437 435 433 431 429 425 420 422 427 424 417 412 408 405 404 401 398 394 392 386 380 377 372 369 364 357 353 337 320 327 330 333 335 337 336 333 331 328 327 328 330 331 332 336 342 347 352 358 364 369 373 377 380 385 386 391 396 399 405 405
492 493 495 494 494 495 494 494 494 495 494 495 495 495 494 507 537 562 586 599 604 607 607 603 590 567 536 499 468 449 440 434 430 430 430 431 429 429 428 430 428 423 415 418 419 412 407 405 402 400 398 397 393 391 387 380 375 371 367 362 359 354 337 316 324 335 340 340 339 335 329 328 325 326 327 329 332 334 336 341 346 351 357 363 366 371 376 376 381 386 393 398 399 402 402
493 492 494 494 494 496 495 495 494 494 494 493 493 493 494 511 548 574 593 600 600 601 605 606 596 569 537 500 468 448 438 432 428 426 426 426 425 426 427 429 426 424 418 412 407 404 403 402 399 398 396 395 392 389 385 380 372 366 363 360 360 350 332 316 327 339 342 342 335 330 326 325 325 326 328 330 332 337 339 341 349 356 361 363 366 370 374 376 381 386 395 399 400 398 397
494 493 493 496 495 495 495 494 492 493 493 493 492 491 498 524 557 581 593 594 596 598 598 599 595 577 547 508 473 447 436 431 427 424 423 423 423 426 428 427 423 418 415 409 400 397 397 397 396 396 395 393 392 389 385 377 371 367 363 358 353 338 321 320 335 341 340 335 327 323 323 323 324 327 329 332 337 339 343 347 354 360 364 364 368 370 373 375 378 385 393 396 396 395 393
494 493 492 495 495 495 494 495 492 493 493 493 493 496 504 527 555 578 588 590 589 588 590 590 588 577 556 519 484 452 435 429 424 422 420 420 420 424 430 427 421 412 409 406 399 395 394 393 393 391 390 391 391 389 381 375 371 369 364 358 347 320 318 334 339 337 331 327 322 319 319 322 326 328 330 333 337 339 345 351 357 360 364 366 370 375 378 380 379 378 384 387 389 389 390
494 494 493 494 495 494 493 493 492 494 492 493 494 498 506 529 552 568 580 587 586 581 581 577 575 570 558 530 496 460 437 429 424 421 419 418 419 424 429 426 418 410 408 402 398 395 392 392 390 389 390 391 389 386 380 374 370 367 363 357 340 315 321 337 339 332 324 321 319 319 321 324 327 328 330 333 337 341 345 352 355 358 365 367 372 378 381 382 378 374 374 378 383 386 386
493 492 492 492 494 493 493 494 494 493 493 492 495 497 512 543 562 574 582 586 585 576 569 566 562 557 548 527 497 462 439 427 423 420 417 416 417 421 425 422 414 410 408 404 400 395 393 391 387 387 387 387 387 383 378 374 371 366 357 344 328 309 322 341 339 327 320 317 318 318 322 324 325 327 328 331 335 340 345 349 352 360 366 371 377 382 384 381 376 372 370 372 379 385 385
492 491 492 491 492 494 492 494 494 492 493 492 494 503 522 553 571 583 587 590 589 577 562 553 545 541 533 514 486 460 440 427 423 420 416 414 414 416 420 418 411 406 404 403 397 392 391 388 385 383 384 384 382 380 376 372 368 355 334 318 309 308 331 344 336 325 316 315 316 319 322 323 324 327 329 331 335 339 342 347 353 359 364 369 375 380 380 374 372 370 368 369 375 379 382
494 497 494 492 492 493 493 494 494 493 492 493 497 505 528 559 576 586 592 592 589 577 561 545 524 515 510 488 469 452 439 428 421 418 415 412 411 412 415 414 408 401 396 395 391 387 388 385 382 376 377 378 377 376 371 365 357 328 307 309 314 330 346 342 331 320 314 314 316 319 320 322 323 327 331 333 335 336 340 347 351 354 360 364 367 369 367 366 364 364 366 367 372 372 378
503 507 498 493 492 492 492 491 491 491 491 493 498 507 530 561 577 588 592 589 585 575 562 547 520 493 478 464 451 442 435 426 421 418 414 412 411 411 411 409 405 398 394 393 391 388 387 385 381 379 375 367 360 353 356 346 330 308 309 334 351 352 346 335 326 317 311 312 316 318 318 321 324 327 330 330 332 334 341 346 349 350 353 355 357 357 358 358 358 360 361 365 371 373 377
514 512 505 495 494 494 492 492 493 494 494 496 503 512 534 562 580 587 587 585 580 567 553 537 517 483 458 449 442 437 432 426 419 418 415 413 411 410 411 407 404 400 400 398 395 390 386 384 381 386 384 379 367 338 325 319 308 304 327 347 353 351 344 335 323 313 308 308 311 314 316 319 321 324 325 326 327 329 334 339 341 343 346 349 348 351 350 349 349 353 356 362 364 369 377
518 514 503 496 499 502 498 494 494 495 496 500 505 517 541 566 578 585 582 577 569 556 540 523 501 476 454 442 438 433 428 423 419 415 414 412 412 412 412 407 403 400 402 398 396 391 387 384 383 386 385 377 357 329 308 299 307 325 350 353 350 347 341 331 321 310 305 305 308 311 312 314 315 317 319 321 321 326 328 334 336 338 341 340 340 343 344 344 343 347 352 357 361 366 374
515 510 503 500 506 508 501 496 496 496 498 502 506 521 547 570 580 578 574 566 555 539 522 508 489 470 453 441 434 428 424 420 417 415 414 413 413 411 408 405 400 397 398 397 394 389 387 381 379 384 380 366 335 310 301 316 337 349 355 352 347 344 336 327 318 309 303 301 303 305 306 306 308 310 313 315 317 323 328 331 331 333 334 334 336 338 340 339 341 347 351 357 363 367 373
513 509 504 505 511 510 502 498 499 499 499 503 508 523 548 565 575 571 566 553 538 523 507 492 479 464 451 442 435 427 422 419 416 413 411 411 410 409 408 405 400 399 397 395 392 387 387 380 372 375 375 349 319 298 308 326 341 351 350 347 342 339 333 322 314 307 301 298 298 299 301 302 303 305 309 312 319 321 325 327 328 330 332 331 332 333 334 337 340 346 349 353 359 362 367
513 509 509 513 517 514 509 502 502 500 492 493 504 524 549 561 566 565 557 546 528 512 501 490 485 473 462 453 441 430 422 416 413 411 410 411 410 410 409 407 404 401 398 393 390 387 384 378 365 367 369 344 309 297 310 325 340 347 347 343 341 337 329 318 312 305 299 297 295 296 297 298 301 303 306 312 318 320 324 324 326 327 328 324 325 323 328 332 336 340 342 346 352 356 363
511 509 508 518 524 519 512 502 499 501 493 485 498 522 544 553 558 556 550 540 527 518 507 496 486 474 463 457 444 433 426 419 414 409 408 408 410 409 408 405 400 400 396 392 389 386 382 372 359 365 368 344 311 292 310 334 344 343 340 339 336 332 325 316 309 304 298 294 293 293 295 296 299 302 306 313 317 319 322 324 324 323 320 316 314 317 318 324 330 336 339 340 343 349 356
504 503 510 521 525 525 514 506 504 503 495 484 498 522 538 549 552 549 545 539 530 522 510 498 484 470 457 447 443 435 428 422 414 409 405 405 405 403 402 401 398 395 394 390 387 383 380 371 358 355 352 341 315 294 315 339 342 342 339 336 331 326 319 313 308 302 298 293 292 294 295 295 298 304 308 313 315 317 320 320 318 316 310 308 309 312 317 321 326 332 336 339 340 343 349
499 497 506 518 526 525 513 506 505 505 497 489 496 515 529 538 543 544 543 536 526 517 510 500 484 470 457 441 433 429 423 419 413 407 402 401 396 393 395 397 396 393 392 387 385 380 376 374 366 354 345 328 314 293 309 335 341 341 338 333 330 323 317 310 304 299 295 292 291 292 293 293 295 306 314 314 315 315 315 315 312 309 304 301 306 309 315 318 324 329 335 335 336 339 344
496 494 501 513 522 519 509 503 506 504 496 487 491 505 518 529 540 543 540 534 524 514 503 491 477 465 453 439 427 420 417 413 409 405 399 395 393 390 391 392 392 392 390 387 384 380 376 371 366 360 352 333 313 293 298 325 341 340 334 331 327 321 313 307 302 298 295 291 291 291 294 294 301 315 316 312 311 311 308 308 308 305 301 297 302 309 313 318 321 328 332 331 333 335 339
496 488 492 509 515 510 506 502 503 502 493 482 486 500 512 524 534 539 536 530 520 511 501 485 468 456 448 437 428 421 415 411 406 404 398 394 391 390 388 388 388 388 387 384 381 377 374 367 362 358 357 350 334 309 291 310 337 336 334 330 323 316 309 303 301 296 293 291 291 292 291 296 306 312 312 308 306 305 303 304 305 303 296 293 297 306 311 315 319 325 327 329 332 333 335
500 482 481 499 505 501 492 493 499 496 484 470 485 497 509 520 527 530 529 525 518 508 498 485 472 455 445 436 429 423 416 409 404 400 397 392 388 388 385 384 384 382 380 378 375 372 369 367 361 356 355 350 332 307 286 306 333 333 331 328 320 313 309 301 299 296 294 291 289 290 292 297 302 306 305 304 300 299 300 299 299 297 295 290 296 305 307 313 319 320 321 324 328 329 331
510 479 467 483 492 488 480 481 491 493 485 467 473 488 504 515 516 513 516 517 513 506 495 482 471 459 448 439 431 422 415 408 402 399 395 391 388 385 382 381 379 376 374 371 368 367 363 362 357 351 350 341 315 291 284 315 333 330 327 323 316 309 306 300 295 291 292 290 289 290 294 295 294 297 298 296 296 295 296 295 293 291 288 289 295 301 303 309 314 314 316 320 323 322 325
534 490 454 456 469 475 468 473 481 486 486 468 461 476 494 505 500 496 502 509 509 503 495 483 470 458 447 436 429 421 420 410 400 395 393 390 386 383 382 380 377 374 369 365 363 362 359 357 354 351 349 336 304 284 295 319 329 329 324 317 311 304 301 298 295 291 289 286 287 289 290 290 290 292 291 290 291 290 290 289 288 284 280 285 292 295 297 301 304 307 313 315 316 315 319
531 484 443 436 453 463 456 455 465 474 476 456 453 470 485 492 485 483 492 501 502 498 493 484 475 464 450 439 435 433 430 418 404 396 393 387 384 382 382 379 376 375 370 365 358 356 356 356 355 354 350 338 303 277 284 292 309 324 319 314 307 302 298 295 292 289 285 284 284 285 286 286 289 289 287 286 287 288 287 284 281 278 277 282 287 290 293 294 298 304 308 308 307 310 315
515 474 434 423 436 449 443 442 451 463 463 443 451 466 476 479 471 471 481 489 492 492 488 480 468 460 455 453 448 442 433 419 406 396 391 387 385 382 381 377 374 372 365 362 359 353 353 352 352 349 345 338 313 286 273 270 275 304 313 309 306 300 296 291 288 286 283 282 282 282 282 284 286 284 283 284 286 287 285 280 279 275 277 282 284 286 289 288 295 301 304 302 299 304 304
