Java Calculations/raster4.asc
ncols        571
nrows        450
xllcorner    35.337083333284
yllcorner    33.002916666673
cellsize     0.000833333333
NODATA_value -32768
[rows 84 to 125 of 450, columns 380 to 474 of 571]
431 433 436 439 445 455 455 455 456 467 484 502 517 531 551 563 560 560 569 579 594 614 644 669 700 727 757 791 829 868 908 937 966 997 1007 1014 1028 1025 1019 1015 1012 1012 1019 1024 1021 1013 1012 1025 1046 1069 1095 1126 1160 1189 1221 1247 1248 1251 1266 1279 1286 1281 1279 1278 1278 1282 1291 1305 1328 1344 1356 1367 1371 1376 1370 1365 1358 1350 1350 1352 1346 1336 1314 1271 1227 1194 1182 1178 1172 1173 1181 1189 1188 1188 1173
431 433 436 439 455 475 481 473 467 474 491 511 524 533 545 557 565 570 582 596 615 630 646 660 680 706 737 778 818 864 906 936 963 986 998 1007 1015 1016 1014 1014 1012 1014 1019 1024 1027 1027 1024 1023 1039 1061 1089 1122 1153 1185 1218 1242 1242 1242 1259 1269 1275 1278 1279 1279 1281 1288 1297 1307 1322 1334 1340 1345 1351 1358 1356 1352 1347 1342 1341 1341 1343 1327 1302 1262 1219 1186 1172 1167 1164 1167 1172 1176 1179 1168 1143
428 431 433 436 451 475 498 504 497 496 501 506 516 529 544 561 573 579 597 621 649 676 696 708 716 721 733 773 821 867 912 948 977 992 998 1004 1008 1008 1011 1015 1014 1018 1023 1026 1030 1033 1028 1027 1040 1053 1074 1104 1131 1161 1190 1214 1236 1249 1264 1275 1280 1281 1280 1286 1295 1303 1308 1316 1324 1328 1328 1328 1332 1337 1341 1341 1339 1334 1331 1330 1327 1313 1287 1248 1206 1177 1164 1160 1162 1164 1168 1173 1164 1140 1108
427 430 432 434 440 460 487 509 521 523 528 532 533 533 547 565 582 593 608 636 670 696 722 745 765 775 777 780 809 851 899 944 979 994 997 999 1001 1002 1007 1012 1015 1017 1020 1024 1030 1035 1034 1032 1045 1056 1069 1096 1127 1163 1195 1228 1259 1267 1271 1281 1288 1288 1290 1296 1304 1310 1314 1320 1324 1323 1318 1318 1323 1327 1329 1329 1331 1329 1323 1321 1310 1294 1263 1228 1195 1168 1156 1156 1158 1159 1160 1154 1134 1099 1082
428 430 431 433 436 446 465 492 515 528 538 544 548 550 555 571 589 608 628 650 682 713 741 772 800 814 821 825 840 859 882 916 950 974 985 988 993 994 999 1005 1006 1011 1019 1026 1034 1039 1040 1037 1045 1059 1081 1111 1147 1182 1219 1246 1262 1265 1273 1285 1292 1296 1299 1302 1307 1312 1315 1317 1318 1317 1311 1309 1312 1319 1319 1320 1321 1319 1312 1304 1293 1273 1241 1207 1176 1155 1149 1149 1147 1143 1142 1129 1098 1070 1085
428 429 431 436 439 441 448 470 501 528 549 557 564 570 578 589 608 629 651 676 703 727 755 781 805 826 839 853 875 898 917 935 953 964 973 980 985 990 996 1002 1010 1021 1027 1031 1036 1045 1049 1050 1055 1066 1088 1114 1144 1183 1211 1234 1249 1267 1285 1293 1299 1303 1307 1309 1310 1313 1313 1314 1314 1314 1309 1304 1303 1308 1312 1314 1316 1312 1307 1293 1272 1242 1211 1189 1163 1146 1145 1141 1135 1124 1118 1102 1075 1061 1097
427 429 432 436 438 442 447 455 477 507 536 556 571 580 588 602 619 641 671 699 725 751 776 792 809 827 849 865 888 912 938 962 981 990 991 987 986 992 1001 1009 1017 1025 1034 1041 1048 1056 1063 1063 1070 1082 1107 1138 1171 1206 1228 1246 1268 1283 1295 1303 1308 1314 1315 1310 1310 1310 1307 1307 1308 1305 1301 1296 1301 1305 1307 1311 1315 1317 1314 1295 1259 1221 1193 1172 1150 1139 1144 1141 1120 1093 1074 1063 1051 1085 1126
426 429 434 437 441 445 449 453 461 482 508 532 555 567 586 607 631 659 694 724 753 780 800 816 826 835 850 869 887 913 942 969 993 1000 998 993 993 1000 1007 1017 1027 1031 1040 1051 1062 1071 1072 1072 1080 1099 1129 1169 1206 1242 1265 1279 1294 1301 1305 1315 1316 1314 1309 1307 1304 1300 1297 1293 1292 1293 1290 1295 1301 1303 1304 1310 1318 1319 1313 1289 1256 1210 1180 1156 1140 1140 1140 1127 1090 1054 1028 1039 1075 1112 1134
427 430 433 437 444 459 470 474 473 479 493 515 535 559 588 620 650 682 717 756 784 807 827 839 843 846 853 872 886 908 940 970 998 1007 1003 998 998 1006 1014 1021 1030 1035 1043 1056 1067 1075 1076 1081 1092 1115 1151 1193 1235 1275 1296 1312 1328 1332 1324 1316 1307 1302 1296 1296 1294 1290 1287 1282 1276 1276 1279 1290 1296 1299 1302 1312 1321 1311 1298 1270 1235 1200 1171 1142 1136 1142 1131 1100 1056 1017 1021 1070 1112 1131 1145
424 428 433 438 446 465 483 493 499 506 512 529 547 564 587 622 658 698 734 763 789 815 840 857 857 854 858 872 884 905 935 966 996 1007 1006 1003 1004 1010 1021 1028 1032 1036 1043 1056 1065 1071 1073 1083 1096 1122 1159 1204 1249 1289 1309 1319 1338 1341 1332 1320 1306 1294 1285 1286 1288 1284 1278 1271 1264 1259 1269 1285 1292 1295 1297 1307 1307 1297 1276 1249 1217 1181 1152 1131 1136 1136 1106 1064 1019 995 1034 1086 1123 1144 1163
422 426 432 438 447 459 471 483 497 516 530 539 552 566 585 615 652 690 723 751 775 804 827 850 855 854 860 871 883 903 930 961 986 1000 1003 999 1003 1013 1023 1027 1029 1029 1032 1047 1058 1067 1069 1080 1099 1125 1163 1202 1243 1284 1301 1306 1321 1328 1329 1320 1303 1287 1281 1278 1277 1273 1267 1262 1254 1249 1255 1275 1285 1288 1289 1293 1290 1278 1250 1224 1191 1159 1134 1126 1133 1114 1072 1026 991 1003 1049 1088 1122 1151 1171
421 426 430 436 444 454 469 487 501 510 525 536 544 559 581 607 637 671 698 722 745 775 803 826 839 847 855 869 883 902 930 960 979 989 994 991 987 996 1007 1012 1013 1014 1030 1053 1071 1081 1081 1085 1102 1130 1160 1192 1222 1258 1280 1295 1308 1314 1321 1312 1294 1282 1279 1273 1272 1264 1256 1251 1245 1238 1242 1262 1278 1281 1281 1283 1278 1260 1232 1197 1163 1126 1114 1123 1115 1083 1043 996 975 1004 1035 1069 1104 1143 1178
419 423 426 432 439 447 471 502 525 535 544 551 561 566 576 594 617 638 661 680 704 734 759 783 801 819 842 860 882 903 927 951 968 975 982 977 966 972 987 994 1006 1021 1037 1056 1074 1089 1094 1101 1119 1141 1160 1180 1202 1225 1250 1273 1291 1303 1309 1298 1284 1274 1273 1270 1267 1261 1254 1247 1241 1233 1235 1250 1268 1273 1277 1271 1258 1238 1201 1168 1129 1098 1095 1100 1084 1041 1007 969 985 1026 1054 1088 1122 1148 1179
417 420 424 426 430 433 460 499 530 554 565 572 581 587 597 606 621 646 674 691 706 725 748 774 808 846 873 874 879 900 924 941 953 962 964 958 953 967 986 994 1007 1023 1030 1044 1062 1079 1094 1109 1131 1147 1161 1176 1189 1201 1220 1245 1268 1284 1287 1276 1269 1269 1267 1264 1263 1259 1255 1248 1238 1233 1230 1238 1257 1264 1263 1257 1239 1211 1176 1135 1095 1063 1071 1062 1042 1009 964 961 1008 1062 1097 1123 1148 1176 1204
412 417 419 423 426 426 443 480 521 553 573 586 598 607 617 632 651 683 719 746 765 780 799 822 854 886 902 907 903 904 908 919 936 950 948 940 945 964 982 996 1007 1013 1013 1021 1041 1059 1082 1103 1127 1144 1158 1168 1178 1188 1197 1214 1228 1248 1253 1255 1265 1263 1259 1259 1260 1258 1252 1246 1237 1232 1228 1230 1241 1249 1242 1229 1208 1178 1139 1101 1070 1034 1031 1023 1014 976 948 976 1022 1076 1113 1134 1154 1179 1208
411 413 416 417 421 424 431 463 502 543 573 595 612 625 644 662 689 719 749 779 808 830 844 866 887 903 920 933 943 941 932 919 920 931 935 937 952 970 987 995 997 992 1001 1011 1023 1040 1064 1093 1117 1134 1145 1153 1156 1160 1166 1177 1190 1208 1224 1239 1254 1252 1251 1256 1257 1255 1249 1242 1235 1231 1228 1229 1231 1230 1231 1222 1193 1154 1108 1078 1042 1008 992 989 982 946 951 997 1040 1078 1100 1127 1151 1177 1207
410 411 413 415 417 418 424 449 491 533 569 596 620 643 665 689 717 743 763 794 822 841 860 880 894 910 927 941 955 958 950 933 925 931 940 953 967 981 985 985 982 984 1002 1019 1029 1037 1049 1067 1087 1102 1114 1127 1138 1151 1169 1186 1199 1209 1217 1229 1237 1239 1250 1258 1257 1252 1248 1241 1234 1232 1233 1231 1229 1229 1233 1223 1204 1163 1120 1091 1042 1003 968 952 938 936 976 1017 1050 1081 1108 1132 1159 1182 1202
407 408 410 411 418 421 425 439 476 515 556 585 614 648 673 701 723 743 766 798 829 850 868 885 899 913 925 938 950 954 952 944 948 958 964 972 983 987 983 974 972 979 993 1002 1016 1036 1052 1065 1083 1107 1128 1144 1152 1168 1185 1204 1223 1236 1238 1233 1232 1239 1253 1259 1260 1254 1243 1235 1234 1241 1245 1241 1230 1219 1215 1205 1194 1165 1127 1089 1050 1008 968 935 919 951 991 1024 1057 1087 1116 1138 1155 1174 1201
404 407 409 413 417 420 427 438 461 490 522 558 602 633 662 687 705 729 752 790 824 849 876 891 906 916 923 931 943 953 957 963 972 980 983 989 987 980 970 965 983 994 1000 1011 1029 1043 1057 1077 1097 1128 1155 1165 1169 1182 1198 1220 1235 1244 1249 1252 1249 1253 1262 1265 1269 1261 1246 1230 1230 1239 1237 1228 1215 1202 1191 1176 1163 1140 1101 1065 1029 990 956 915 928 967 1004 1035 1062 1084 1103 1125 1146 1173 1201
401 404 408 412 415 422 430 439 456 481 505 546 587 619 645 669 689 716 751 780 806 830 863 884 899 909 916 929 942 953 963 967 977 990 992 989 979 967 956 970 998 1010 1023 1040 1059 1078 1091 1101 1110 1121 1144 1166 1178 1191 1210 1233 1248 1253 1257 1268 1271 1272 1270 1267 1261 1248 1239 1229 1222 1220 1214 1205 1194 1175 1150 1126 1106 1089 1057 1021 987 953 915 901 932 967 1000 1027 1051 1074 1094 1115 1137 1159 1179
396 399 404 409 415 421 427 438 464 497 534 570 601 630 655 672 690 714 741 766 792 825 856 872 889 899 908 920 936 949 955 957 967 979 973 963 955 951 962 988 1015 1025 1042 1064 1087 1106 1115 1121 1125 1133 1138 1153 1177 1199 1221 1243 1257 1268 1269 1276 1286 1284 1272 1263 1253 1237 1227 1209 1201 1201 1194 1179 1157 1126 1101 1082 1058 1031 997 969 935 899 898 918 934 951 978 995 1024 1054 1081 1096 1109 1127 1150
392 397 403 408 415 421 424 440 474 516 551 580 612 644 665 685 700 714 735 763 796 830 851 862 870 882 896 908 922 936 942 946 947 936 922 926 940 968 995 1011 1030 1041 1057 1079 1102 1121 1137 1147 1148 1154 1151 1153 1176 1203 1231 1249 1258 1264 1265 1267 1266 1266 1257 1248 1238 1225 1208 1188 1173 1171 1159 1129 1102 1078 1048 1029 1003 972 944 915 883 894 933 975 1003 1004 1018 1021 1027 1039 1050 1074 1095 1119 1145
392 395 400 406 410 416 423 438 472 511 544 577 606 634 652 668 694 713 735 766 803 827 844 851 853 865 883 897 908 921 936 937 915 897 910 943 970 1002 1032 1044 1052 1064 1084 1097 1113 1133 1153 1165 1169 1168 1159 1156 1175 1205 1227 1243 1245 1246 1253 1255 1245 1246 1239 1223 1214 1203 1186 1166 1139 1124 1107 1075 1055 1031 998 968 942 918 893 869 884 929 988 1030 1061 1072 1085 1094 1101 1098 1106 1123 1146 1181 1206
391 394 397 402 405 409 420 442 471 508 545 577 606 628 646 673 705 725 747 771 796 817 831 836 839 853 869 882 893 909 916 898 876 886 922 963 994 1029 1051 1067 1073 1091 1101 1109 1120 1141 1167 1182 1185 1178 1167 1162 1170 1191 1214 1222 1222 1233 1250 1255 1240 1235 1225 1205 1195 1183 1160 1134 1102 1078 1053 1031 1015 991 960 927 892 860 855 883 924 966 1016 1047 1075 1100 1124 1142 1150 1147 1160 1183 1205 1227 1243
387 390 393 398 402 405 418 445 484 519 551 574 602 626 650 686 723 751 767 775 788 800 815 822 827 841 856 872 883 884 871 858 866 902 939 979 1013 1037 1052 1070 1091 1108 1121 1128 1130 1143 1164 1182 1183 1173 1169 1167 1168 1174 1191 1198 1207 1224 1237 1243 1226 1209 1199 1186 1174 1157 1128 1103 1076 1045 1010 983 966 949 925 897 852 853 893 930 965 1003 1033 1063 1094 1120 1141 1169 1187 1199 1209 1224 1242 1265 1281
385 388 389 395 398 403 413 438 471 507 534 557 585 615 654 697 740 768 781 784 784 788 799 809 820 832 839 854 858 842 828 841 883 918 948 976 1007 1034 1059 1085 1111 1133 1151 1158 1150 1143 1145 1155 1160 1157 1155 1156 1159 1164 1177 1186 1200 1212 1220 1221 1206 1191 1176 1155 1142 1128 1092 1065 1047 1014 978 935 917 909 891 860 836 872 925 977 1010 1038 1057 1084 1107 1133 1166 1191 1219 1237 1250 1265 1282 1302 1322
384 386 389 393 399 406 416 431 457 484 512 541 569 608 647 695 733 764 778 775 774 777 791 803 813 816 815 818 812 794 803 841 873 903 933 968 1004 1036 1062 1091 1119 1148 1177 1186 1175 1147 1129 1123 1127 1131 1132 1135 1146 1155 1167 1176 1185 1196 1192 1191 1176 1160 1145 1122 1104 1086 1038 1016 1003 976 937 901 875 854 848 822 832 884 942 991 1023 1043 1068 1094 1120 1153 1183 1205 1229 1252 1271 1296 1323 1350 1370
382 387 390 394 401 408 416 434 461 486 513 541 571 597 637 679 717 745 759 757 766 780 789 793 788 780 774 774 773 776 800 826 844 869 910 954 990 1021 1054 1085 1114 1147 1173 1183 1174 1145 1128 1108 1098 1099 1105 1114 1129 1140 1147 1154 1162 1169 1163 1154 1133 1122 1109 1085 1059 1023 981 952 943 930 898 859 825 807 815 836 866 909 952 995 1026 1051 1081 1114 1138 1163 1186 1211 1237 1269 1297 1333 1360 1383 1396
380 387 392 397 403 412 426 449 477 503 531 553 576 602 634 664 698 730 749 744 750 771 780 767 746 733 744 761 776 790 802 815 829 854 888 926 962 995 1033 1072 1102 1131 1150 1162 1154 1133 1122 1101 1086 1077 1083 1105 1117 1126 1130 1132 1132 1133 1130 1118 1106 1091 1077 1055 1015 977 938 903 878 876 852 810 789 810 847 886 924 953 977 1006 1035 1064 1097 1129 1151 1170 1196 1226 1256 1298 1327 1361 1386 1388 1398
379 385 390 391 400 414 437 461 483 513 537 562 586 611 637 663 699 733 746 727 724 740 742 725 708 728 768 782 782 782 793 804 821 843 867 900 934 971 1008 1045 1073 1100 1121 1133 1124 1113 1107 1094 1083 1071 1065 1083 1101 1108 1112 1112 1105 1097 1094 1081 1061 1051 1032 1005 984 950 899 857 821 797 787 780 814 853 885 914 948 977 1006 1040 1064 1084 1109 1131 1159 1182 1207 1242 1279 1318 1354 1379 1391 1385 1388
371 376 380 381 394 411 432 459 484 510 536 561 586 612 639 671 705 731 727 707 693 702 700 690 700 744 768 768 765 774 799 808 817 836 856 879 904 938 970 1003 1037 1063 1084 1094 1097 1098 1096 1084 1071 1057 1052 1075 1091 1091 1085 1086 1086 1072 1057 1046 1029 1017 995 953 933 900 856 815 765 754 780 808 845 883 909 938 974 1004 1032 1058 1090 1106 1125 1150 1174 1189 1215 1249 1286 1326 1356 1369 1377 1376 1372
366 371 375 383 394 406 427 453 479 504 531 560 588 612 651 684 707 719 705 677 662 655 662 682 719 749 757 752 746 764 784 798 813 829 846 864 887 912 933 957 990 1020 1042 1061 1076 1083 1079 1068 1054 1044 1042 1061 1074 1072 1066 1065 1059 1053 1033 1022 1006 988 952 917 883 849 819 775 743 763 806 835 864 899 924 958 997 1037 1060 1077 1100 1114 1139 1167 1185 1206 1237 1271 1302 1331 1348 1360 1371 1381 1372
361 366 372 380 392 407 431 459 482 509 538 568 597 626 654 676 694 699 677 648 624 638 681 717 740 754 751 739 729 744 767 788 807 822 835 848 869 888 908 927 947 977 1014 1044 1059 1066 1062 1059 1053 1038 1032 1047 1049 1048 1049 1047 1037 1024 1007 997 984 946 907 866 828 800 775 739 735 780 828 862 895 923 955 993 1030 1059 1076 1094 1116 1137 1159 1182 1201 1222 1251 1288 1326 1349 1356 1367 1373 1372 1359
355 362 366 374 387 411 438 467 499 526 560 590 612 622 625 627 641 647 631 614 606 649 700 736 750 756 746 730 715 722 751 775 790 806 822 840 857 876 890 907 928 952 990 1025 1042 1046 1047 1056 1052 1029 1017 1022 1015 1019 1022 1022 1009 994 979 963 936 902 865 823 784 749 722 732 770 812 855 898 928 960 989 1024 1053 1075 1095 1114 1139 1162 1177 1198 1218 1233 1263 1300 1321 1331 1334 1339 1339 1341 1329
350 354 358 367 388 419 456 490 520 548 577 598 593 579 563 563 577 589 583 585 618 670 714 743 746 748 738 724 708 700 719 741 765 789 809 833 851 866 877 891 906 928 965 996 1011 1016 1030 1042 1033 1007 993 993 979 976 990 991 982 968 951 922 888 858 825 780 744 711 714 760 800 842 885 921 954 986 1019 1045 1060 1079 1097 1118 1143 1161 1184 1210 1219 1234 1264 1288 1300 1301 1296 1294 1293 1295 1286
345 348 356 365 388 422 457 492 526 552 574 570 544 524 513 521 534 551 567 601 639 681 712 725 727 731 727 716 696 696 713 730 758 786 805 824 840 857 867 879 889 904 933 962 975 989 1002 1008 998 974 971 967 943 938 951 955 948 935 914 880 845 818 783 748 707 689 721 773 817 857 895 934 972 1007 1027 1043 1060 1073 1093 1116 1143 1164 1185 1201 1209 1223 1244 1254 1254 1253 1251 1241 1243 1244 1241
338 343 352 363 391 426 454 483 518 544 543 518 494 485 508 540 567 590 608 617 639 670 691 700 704 706 703 694 683 710 736 753 767 786 803 817 832 850 863 869 876 886 909 932 950 963 972 974 966 949 956 948 923 904 906 909 905 893 872 840 811 781 747 699 676 699 741 789 830 867 900 936 971 997 1008 1024 1048 1073 1097 1124 1148 1167 1177 1183 1191 1197 1203 1206 1203 1204 1195 1191 1200 1214 1235
334 337 347 364 399 424 445 473 501 515 490 467 463 497 539 582 610 628 631 628 633 650 665 671 676 682 676 672 680 714 743 764 778 786 801 812 825 844 855 863 867 869 884 908 928 935 947 950 941 927 938 928 905 879 873 875 870 856 842 814 785 747 709 671 689 718 747 785 817 851 882 908 935 958 973 996 1034 1068 1097 1123 1138 1145 1144 1145 1154 1156 1159 1160 1158 1153 1154 1169 1203 1227 1261
330 337 345 365 394 416 435 457 474 470 441 440 478 522 565 599 617 626 627 624 627 633 639 643 646 652 658 674 697 723 748 769 784 794 800 805 817 834 846 853 856 854 858 876 901 913 918 926 920 907 913 912 893 862 852 849 846 833 813 789 759 711 670 681 731 760 768 781 799 818 843 866 893 914 939 972 1010 1042 1068 1087 1098 1100 1097 1105 1120 1122 1121 1121 1126 1130 1149 1179 1214 1244 1282
327 336 347 368 394 417 435 446 440 426 413 435 481 526 565 587 598 609 610 612 618 620 619 621 635 646 665 684 708 735 756 771 784 793 794 797 807 823 836 843 846 843 840 849 872 892 897 901 899 886 890 892 870 840 827 822 812 797 776 756 716 666 662 707 765 797 819 827 837 842 848 860 875 890 912 940 975 1001 1023 1037 1051 1056 1061 1070 1086 1092 1090 1101 1118 1132 1154 1188 1221 1249 1282
321 335 352 374 392 406 421 425 409 395 403 442 484 525 556 571 578 583 589 594 601 605 605 618 635 651 668 694 723 749 766 780 788 790 785 783 790 804 818 824 828 828 825 827 842 860 870 875 866 861 867 865 844 810 792 786 773 760 744 711 675 650 687 734 787 821 852 877 889 898 906 916 928 930 931 939 950 967 986 1002 1016 1029 1043 1059 1066 1072 1083 1100 1113 1124 1144 1175 1206 1233 1256
311 325 342 356 362 370 377 384 379 381 411 446 479 507 526 552 578 591 594 593 593 597 607 622 636 654 677 704 729 755 769 782 786 780 771 766 767 785 796 801 808 812 816 816 815 822 832 840 834 839 845 846 818 785 763 753 738 726 697 665 643 656 705 757 802 840 882 919 937 952 962 974 992 993 988 985 979 982 992 1005 1030 1055 1077 1098 1099 1098 1095 1098 1103 1112 1128 1152 1178 1200 1218
