Java Calculations/raster4.asc
ncols        571
nrows        450
xllcorner    35.337083333284
yllcorner    33.002916666673
cellsize     0.000833333333
NODATA_value -32768
[rows 252 to 293 of 450, columns 285 to 379 of 571]
68 69 70 71 70 69 69 72 72 71 70 70 79 78 76 72 70 71 69 70 70 72 72 72 70 70 70 71 72 71 74 80 75 74 75 74 73 73 72 73 70 72 74 73 74 73 74 73 72 72 73 73 72 72 72 73 73 73 73 73 73 72 72 73 74 73 73 73 74 73 75 75 76 75 76 76 75 76 75 73 74 75 75 77 76 78 77 77 78 80 81 96 115 130 142
68 69 71 70 71 69 69 70 71 69 70 71 69 75 75 77 77 75 71 70 70 70 72 73 70 72 72 70 70 71 74 73 73 73 74 73 73 72 73 73 72 72 72 73 74 74 74 74 75 74 73 72 71 71 72 74 74 73 73 75 73 72 73 72 74 73 73 73 74 74 75 76 74 73 75 74 76 74 74 74 73 74 76 76 76 77 76 77 78 81 84 96 114 127 137
68 69 70 68 68 69 69 70 69 67 69 70 69 70 69 69 71 77 76 72 72 71 70 71 70 74 73 71 72 72 72 72 73 72 72 73 74 73 71 72 72 73 71 72 73 75 75 73 76 75 72 72 72 74 74 74 74 72 72 74 71 72 73 71 72 72 72 72 73 74 75 75 74 73 73 74 75 75 73 73 74 75 76 76 75 76 78 78 77 79 82 96 112 125 136
69 68 70 70 71 71 67 69 68 68 75 72 69 68 68 71 72 74 71 71 73 74 73 73 70 72 72 72 73 73 71 73 74 74 73 75 75 74 71 72 72 72 72 72 72 73 72 73 74 73 72 73 73 74 73 73 73 72 72 72 72 71 73 73 74 75 74 73 74 74 75 73 74 74 75 75 76 74 75 75 77 77 77 75 75 76 77 77 77 79 87 101 113 125 135
69 67 66 68 68 72 70 68 68 72 78 71 70 69 67 70 70 69 68 68 70 71 73 71 71 71 72 73 75 73 72 72 74 73 75 73 73 73 72 72 73 73 72 70 71 73 73 73 72 74 73 72 72 73 72 73 73 73 73 72 72 72 72 73 74 73 74 75 76 74 72 73 74 77 76 76 75 75 75 77 77 77 77 76 75 77 77 77 79 80 92 105 115 125 134
67 66 67 70 67 71 67 68 70 69 70 69 71 69 70 69 69 69 70 70 70 70 72 73 72 72 73 72 77 73 73 73 75 74 74 72 71 72 73 72 72 72 71 71 72 73 75 74 74 75 72 73 72 73 71 71 72 73 73 72 72 73 72 72 74 73 74 74 74 74 73 75 75 74 73 75 74 75 74 76 77 76 77 76 76 76 76 77 79 88 98 109 118 126 137
70 70 69 69 65 69 67 68 71 70 70 69 69 69 70 71 69 70 69 71 70 71 72 72 77 77 79 76 75 74 75 80 80 75 73 71 70 71 72 71 72 71 71 73 72 73 74 73 73 72 71 72 73 72 73 73 73 73 72 70 72 73 72 72 73 74 73 74 74 74 72 73 73 73 72 74 75 73 74 75 75 74 76 75 76 76 75 78 85 96 105 114 119 126 138
67 67 68 68 69 71 69 68 70 71 70 69 69 70 69 70 69 70 69 71 70 69 71 78 77 76 78 76 78 78 74 74 77 81 76 71 71 71 72 71 72 73 72 70 73 71 72 71 72 72 72 73 72 74 72 71 71 72 71 72 72 74 72 72 73 74 72 73 74 74 73 73 74 73 74 75 75 75 75 76 73 73 74 76 77 75 77 82 90 99 109 116 120 126 142
68 67 68 69 70 67 69 67 69 70 70 70 68 67 70 70 70 70 71 71 71 71 76 78 75 73 77 77 78 77 73 73 73 76 79 72 69 72 73 73 73 73 71 72 74 74 71 72 73 73 72 72 71 71 71 71 72 72 72 72 73 72 71 73 72 73 73 74 75 72 73 72 75 75 75 76 77 77 77 75 74 75 76 75 76 78 82 91 97 103 111 117 124 129 142
66 67 68 69 68 66 68 68 70 69 69 70 69 69 70 70 72 71 72 71 72 74 76 77 75 75 76 78 77 74 72 72 74 75 78 75 69 72 72 72 72 71 72 73 73 72 71 72 70 72 73 72 73 73 72 72 73 71 72 73 72 72 72 72 71 72 72 74 73 71 73 73 73 74 75 75 75 73 74 74 76 75 74 74 76 83 88 97 104 111 115 119 123 127 139
69 71 70 70 68 67 69 68 68 69 70 70 69 70 69 69 71 72 72 71 72 73 74 78 76 77 77 75 75 72 72 71 73 75 75 78 76 71 72 73 72 72 72 74 73 72 72 72 71 70 70 73 72 72 72 72 70 71 72 71 70 71 73 73 71 71 71 72 72 73 73 72 73 75 75 73 74 73 73 74 73 73 76 76 80 87 96 104 110 116 118 122 124 130 141
69 69 64 69 69 68 67 68 68 70 68 70 70 70 71 69 70 71 72 72 73 73 74 79 75 73 74 72 72 72 72 72 71 74 73 76 79 72 73 73 72 72 72 73 74 73 72 69 68 70 72 70 71 73 72 72 72 70 72 72 71 71 71 71 72 71 73 72 72 74 73 73 75 74 75 75 75 75 74 73 74 75 77 80 86 93 100 108 114 117 120 123 126 132 141
68 66 67 68 67 68 69 68 68 69 70 70 70 71 71 72 72 72 71 71 71 71 72 74 74 73 71 71 70 71 70 72 71 71 72 74 79 74 72 72 72 72 70 71 72 72 74 71 69 69 72 73 72 71 72 73 71 71 72 71 70 71 72 71 71 71 72 72 73 73 72 72 74 74 74 74 73 74 74 76 75 74 78 83 91 97 104 111 116 118 121 122 125 131 140
67 66 64 68 67 68 69 67 67 65 66 69 69 70 71 71 71 70 70 70 70 70 72 72 71 71 71 72 73 72 71 68 69 70 71 71 75 80 73 72 72 72 73 74 73 72 71 70 71 69 71 71 74 72 71 72 72 72 71 71 72 71 72 73 72 72 73 72 73 71 72 73 73 72 71 73 74 75 76 75 76 76 80 87 92 97 104 110 115 116 116 119 122 129 137
67 68 68 69 68 69 68 68 67 66 69 68 68 69 71 70 70 70 71 71 71 71 70 71 72 72 71 72 72 72 72 71 71 68 70 72 72 76 79 74 72 70 73 74 72 73 72 70 71 70 72 72 73 71 72 73 73 72 72 72 70 70 71 70 71 71 72 72 73 72 74 75 74 74 73 74 74 76 75 75 76 79 82 85 89 95 101 104 107 110 114 117 121 127 135
68 67 68 67 70 68 67 69 69 67 69 68 71 71 70 70 70 70 70 72 73 71 70 69 70 70 70 71 71 71 70 71 71 69 71 71 70 72 75 76 78 73 72 73 74 73 71 72 72 70 71 71 72 72 73 71 71 70 70 69 69 71 70 71 72 71 71 73 74 73 73 73 72 73 74 74 73 74 76 75 77 79 82 84 89 92 96 101 107 112 118 121 125 129 136
68 67 69 70 67 66 66 68 70 69 67 67 70 70 70 69 71 70 70 70 70 69 70 70 71 69 70 70 70 71 70 72 72 71 71 70 69 72 72 70 74 78 77 76 73 72 72 72 75 72 72 70 72 73 73 73 74 74 73 71 68 70 70 70 72 73 72 73 74 73 70 72 72 71 73 74 74 75 76 75 77 79 81 84 86 92 97 101 109 116 120 123 129 131 137
70 69 67 68 67 68 68 69 68 66 68 68 70 70 70 68 68 70 70 70 69 70 71 70 69 71 71 71 71 72 70 71 71 71 71 71 71 72 71 70 69 70 71 75 79 77 75 74 72 73 69 71 71 71 73 72 72 74 73 72 71 73 72 71 72 71 71 71 71 73 71 72 73 72 73 73 73 74 74 74 74 77 80 84 88 91 96 101 106 114 119 123 128 132 137
69 69 67 67 65 68 66 68 70 70 67 71 71 70 69 68 68 68 69 69 70 69 70 68 68 69 69 72 73 71 70 69 69 69 70 73 72 72 70 71 69 70 72 72 73 74 74 74 72 72 70 69 70 71 72 70 70 72 73 72 74 74 71 70 71 71 70 72 71 71 70 72 71 73 73 73 73 74 74 73 75 78 80 84 87 90 95 98 104 110 116 120 126 131 138
69 66 65 66 67 68 67 69 70 72 69 68 70 72 71 67 68 69 69 67 68 68 69 69 70 69 70 70 68 71 70 68 69 69 71 72 72 72 72 69 71 73 71 71 72 69 69 72 73 76 75 72 73 74 74 72 72 73 72 71 73 72 70 70 72 70 68 69 70 70 71 72 73 72 72 73 74 73 74 74 75 76 79 82 86 90 93 96 101 108 113 120 127 133 140
69 68 67 69 68 67 68 69 69 72 70 69 70 69 69 68 68 70 68 69 70 70 70 69 69 70 69 69 70 72 71 71 70 70 69 71 70 69 72 71 72 73 72 72 72 69 70 71 73 75 79 77 76 75 74 72 74 74 73 73 71 69 70 71 72 70 71 70 72 73 73 72 73 72 73 74 74 73 74 76 75 75 78 82 85 89 93 97 100 106 113 118 126 133 141
69 67 67 68 68 66 68 69 66 68 69 70 68 72 71 70 69 70 69 69 68 70 69 69 67 68 67 70 69 69 67 70 72 69 70 71 72 72 71 71 72 71 70 72 70 71 70 72 71 74 77 78 79 78 79 73 75 71 70 70 71 68 70 76 70 72 71 71 72 71 72 72 74 73 72 73 73 74 75 73 74 77 79 81 86 90 93 96 100 105 112 117 123 131 138
68 68 68 68 68 66 67 70 70 67 68 69 68 69 71 71 67 69 71 70 67 69 68 70 69 69 68 68 68 70 70 68 69 70 72 71 71 71 70 71 70 71 71 71 72 71 70 69 70 72 73 73 72 74 76 74 77 76 71 71 71 69 70 78 75 71 71 73 72 72 71 70 71 73 72 74 73 74 73 72 73 77 80 82 85 90 92 97 100 104 111 116 121 128 137
69 67 68 67 66 66 66 69 71 70 69 69 70 70 72 69 68 68 67 70 68 70 68 69 68 70 69 69 69 68 69 68 68 69 70 72 69 69 70 70 71 72 71 71 71 73 71 69 70 70 71 70 70 71 72 71 71 74 76 75 71 71 69 74 76 69 70 71 72 72 71 71 72 71 74 73 72 74 76 74 76 78 80 81 83 89 91 95 98 104 110 113 119 126 135
68 69 68 69 70 68 68 68 70 68 70 70 70 70 68 67 70 70 69 72 69 68 68 69 68 70 70 67 67 68 69 68 68 71 70 71 69 71 70 71 71 71 71 70 70 70 71 72 71 70 71 67 68 69 70 70 70 70 75 77 75 75 74 73 77 68 72 71 71 71 70 71 71 73 72 72 71 75 75 76 78 81 82 81 83 88 92 95 99 105 110 114 120 126 135
68 69 67 68 67 66 65 67 67 70 70 68 69 69 69 68 69 70 70 69 68 69 71 70 69 69 68 71 68 69 70 69 70 71 69 70 69 69 69 70 70 69 71 70 70 71 71 72 71 69 70 66 67 70 70 70 70 69 74 79 79 77 77 76 73 70 72 73 71 71 72 72 72 75 74 74 74 77 77 77 78 79 81 82 85 87 90 94 99 105 110 115 121 127 136
69 67 66 67 68 68 66 67 67 67 69 66 68 68 70 68 68 70 69 67 68 67 69 68 66 67 68 69 69 68 70 69 70 71 71 71 69 68 68 70 69 70 69 70 70 71 69 71 70 70 68 70 71 71 69 69 70 71 72 81 80 72 73 78 75 73 77 73 75 72 72 71 72 80 76 78 80 79 79 78 77 80 82 82 84 86 89 93 98 103 109 115 121 127 135
67 68 68 65 67 68 67 67 67 67 70 67 69 70 68 67 68 67 67 67 66 68 69 69 65 68 69 68 69 68 69 68 70 70 70 69 69 69 70 69 69 70 70 69 69 70 70 69 68 70 69 71 70 69 68 70 71 71 70 80 79 70 71 80 74 73 79 78 78 71 68 73 77 87 73 75 86 75 81 85 81 79 80 82 84 87 89 93 99 103 109 114 120 124 135
67 67 67 67 67 68 67 65 65 67 65 68 69 69 71 67 66 66 66 68 69 69 69 68 70 69 68 67 68 68 67 67 69 69 68 69 69 71 70 69 68 71 71 69 69 68 69 70 70 71 70 71 70 70 70 71 70 71 74 79 78 72 72 79 77 72 84 81 81 81 70 71 78 76 72 75 81 75 79 84 84 79 79 84 85 85 89 92 98 102 106 114 121 125 136
66 66 68 67 67 66 68 67 67 65 68 71 69 69 69 67 67 68 68 68 68 68 68 66 66 69 68 67 66 66 67 68 69 69 69 69 69 70 69 70 70 70 69 71 71 71 70 68 69 70 70 69 70 71 70 70 69 72 75 77 77 75 76 75 76 70 82 78 80 84 71 73 73 68 77 76 79 75 74 79 82 84 83 88 88 89 92 97 101 103 106 119 123 125 136
68 64 68 66 68 67 67 67 68 68 67 67 67 69 67 65 63 70 69 67 68 68 67 67 68 68 68 70 68 67 68 69 69 69 69 69 70 69 70 68 69 71 71 70 69 69 70 70 67 69 69 70 69 70 70 70 68 69 71 73 73 72 72 73 74 72 80 79 83 73 69 72 73 69 69 80 81 81 74 75 79 87 86 86 88 89 92 97 101 102 106 114 121 125 131
69 67 65 66 68 67 66 66 67 68 67 68 68 68 68 67 67 67 65 67 68 68 67 68 66 68 67 68 67 68 68 70 69 68 69 70 69 68 69 70 69 69 70 69 70 69 68 70 69 69 70 69 69 71 70 69 68 68 71 73 72 70 71 73 73 72 77 80 81 71 69 72 71 69 70 74 76 75 75 75 77 79 81 83 86 87 90 96 98 100 103 109 117 123 135
65 65 65 68 66 66 65 64 65 67 67 68 68 69 68 67 66 66 68 67 67 66 66 66 69 68 66 68 68 69 68 70 67 68 70 70 70 70 71 70 70 69 68 68 70 70 69 70 69 69 71 70 69 69 70 70 68 67 70 72 71 70 74 72 72 69 71 74 69 69 70 70 70 71 72 73 72 72 73 73 75 78 78 81 84 82 86 90 92 96 99 101 109 120 132
66 65 65 68 66 66 66 64 64 68 66 67 66 68 68 67 67 67 67 67 67 66 66 66 68 67 67 68 68 68 68 68 70 71 68 68 69 69 70 68 67 69 70 70 69 70 71 68 69 69 71 70 71 70 69 70 68 69 71 72 71 71 71 73 72 73 68 68 66 69 69 70 69 71 71 71 70 72 75 75 73 75 78 78 82 81 81 84 90 92 95 97 111 125 131
66 66 66 67 68 65 66 65 66 66 64 65 65 69 69 67 67 66 68 67 67 66 65 64 65 66 67 68 67 68 68 68 68 69 68 67 67 67 68 69 67 68 70 70 70 69 68 68 69 69 69 67 70 71 67 69 68 68 71 69 69 71 72 73 71 70 68 68 67 68 67 69 69 70 71 70 72 72 73 72 71 73 75 76 77 77 79 82 86 87 90 96 111 125 133
65 64 65 64 66 68 64 64 67 66 65 66 69 68 67 67 66 67 67 67 67 66 65 66 66 68 67 67 68 69 67 67 68 69 67 67 67 67 68 68 70 68 70 70 69 69 69 70 70 69 70 69 69 69 70 68 67 67 68 69 68 69 70 70 70 68 69 67 65 66 68 69 68 69 70 70 71 71 74 73 71 72 72 73 75 77 75 78 80 83 89 93 107 121 134
67 65 65 62 65 67 66 66 66 66 66 67 70 68 66 67 67 66 66 65 67 67 68 66 67 68 66 67 68 66 65 68 67 68 67 67 69 69 68 67 67 68 70 70 69 69 70 69 69 69 69 69 70 70 68 68 69 68 66 68 68 67 68 68 69 66 68 68 68 68 68 68 70 68 69 71 71 71 71 70 71 73 71 72 72 75 75 75 78 83 89 96 109 121 133
64 64 64 63 63 64 64 65 66 66 65 65 67 67 68 67 66 64 66 66 66 64 66 66 66 66 66 65 67 67 66 66 68 68 67 68 68 69 68 67 66 68 71 69 69 69 69 69 70 68 69 69 69 69 68 66 67 67 66 66 67 68 66 67 69 66 67 66 67 71 68 65 69 70 69 71 69 71 71 72 72 76 73 72 73 74 76 78 80 84 90 98 107 118 128
65 65 63 64 63 65 63 63 64 64 64 66 67 67 66 68 65 64 66 66 65 65 65 66 67 66 67 67 66 68 64 64 66 66 66 66 67 68 68 67 67 67 67 66 67 66 68 67 68 67 68 69 69 69 68 67 66 65 64 65 65 66 66 68 70 64 66 66 67 68 68 67 68 71 69 71 70 70 70 71 72 72 71 72 73 74 74 77 80 85 93 105 117 128 138
66 65 65 64 63 64 64 65 64 64 64 66 65 65 66 67 66 66 65 66 65 67 67 64 66 66 68 66 65 67 65 65 66 65 65 65 64 66 68 68 67 68 68 67 69 66 68 66 68 67 68 67 69 66 68 70 69 66 66 64 67 68 65 66 66 65 69 67 67 68 69 69 69 72 73 71 70 70 70 70 71 70 70 70 71 73 74 77 79 85 98 113 123 132 143
63 64 67 65 64 64 64 64 64 66 66 65 64 65 66 67 67 68 68 66 66 66 65 65 66 68 67 67 66 64 63 63 66 67 67 65 66 66 65 67 66 67 68 65 69 68 66 66 70 68 68 67 69 68 68 68 68 66 67 64 64 67 65 67 69 66 69 68 70 69 69 68 69 70 70 69 69 72 68 69 72 71 69 71 70 73 74 75 82 88 104 116 124 136 148
62 63 64 63 64 64 64 65 64 64 62 65 67 65 65 65 64 65 66 66 65 65 65 65 63 65 66 64 63 65 65 66 65 65 66 68 65 66 66 68 67 67 66 67 66 66 65 66 66 67 67 65 66 67 67 66 65 66 67 66 63 66 66 64 65 66 72 71 67 67 68 67 68 71 69 70 70 69 70 69 69 71 71 72 71 70 72 74 81 90 108 119 125 140 154
