ViewShed-Visualize/viewshed_visualize2/raster12.asc
ncols        381
nrows        324
xllcorner    34.532083333285
yllcorner    31.646250000006
cellsize     0.000833333333
NODATA_value -32768
[rows 124 to 185 of 324, columns 96 to 191 of 381]
0 0 0 0 0 0 0 0 0 0 0 0 0 0 0 0 0 0 0 0 0 0 0 0 0 0 0 0 0 10 9 6 3 9 8 12 15 20 28 31 34 33 29 27 24 24 22 21 18 14 17 15 15 19 20 20 17 17 17 19 19 23 22 21 20 20 19 17 18 16 16 17 14 15 14 14 15 16 18 17 21 20 19 13 10 14 20 23 25 25 27 31 34 38 39 40
0 0 0 0 0 0 0 0 0 0 0 0 0 0 0 0 0 0 0 0 0 0 0 0 0 0 0 0 4 10 12 1 7 8 8 14 20 25 33 38 37 37 32 30 25 24 22 21 17 17 19 15 19 19 17 15 15 17 19 20 20 21 23 23 20 21 19 17 18 17 17 16 14 12 9 13 15 18 20 21 23 21 19 16 11 12 18 24 26 24 26 29 32 35 37 38
0 0 0 0 0 0 0 0 0 0 0 0 0 0 0 0 0 0 0 0 0 0 0 0 0 0 0 0 7 10 8 5 9 13 19 28 31 31 37 39 40 34 31 28 28 26 23 20 19 19 19 16 15 15 16 16 17 19 21 20 21 22 25 23 22 21 19 17 15 16 16 15 14 13 12 13 17 17 19 23 25 24 23 24 17 16 22 24 28 27 27 31 32 34 37 41
0 0 0 0 0 0 0 0 0 0 0 0 0 0 0 0 0 0 0 0 0 0 0 0 0 0 0 2 10 3 5 5 5 13 21 26 28 32 38 40 38 35 30 25 24 23 23 22 23 19 17 15 13 15 16 19 15 18 20 19 21 24 25 24 24 23 22 20 18 14 13 12 13 17 13 14 16 19 16 20 22 24 24 24 23 22 24 26 29 32 31 34 35 38 40 41
0 0 0 0 0 0 0 0 0 0 0 0 0 0 0 0 0 0 0 0 0 0 0 0 0 0 0 9 10 7 5 8 8 10 17 22 29 33 38 38 37 36 34 31 24 24 23 21 21 21 22 20 15 15 14 15 14 17 19 19 21 23 26 24 23 22 21 22 19 12 13 16 14 14 13 11 14 18 19 21 22 23 25 26 24 22 24 27 29 30 33 35 40 41 42 41
0 0 0 0 0 0 0 0 0 0 0 0 0 0 0 0 0 0 0 0 0 0 0 0 0 0 1 9 9 5 8 7 9 11 20 26 35 38 40 38 39 36 33 30 26 23 20 22 20 22 22 21 23 21 20 16 17 15 18 20 20 23 24 23 22 21 21 20 19 15 13 15 13 13 12 12 15 18 21 23 25 26 29 28 26 21 21 26 28 31 31 35 40 40 40 41
0 0 0 0 0 0 0 0 0 0 0 0 0 0 0 0 0 0 0 0 0 0 0 0 0 1 9 7 2 4 6 4 8 12 20 26 35 40 41 41 39 35 31 29 24 22 20 21 23 21 18 20 20 23 21 16 16 18 19 21 23 25 22 21 22 20 21 20 17 15 15 17 15 14 13 11 17 21 22 27 29 30 30 28 28 27 29 31 32 32 35 34 34 37 37 40
0 0 0 0 0 0 0 0 0 0 0 0 0 0 0 0 0 0 0 0 0 0 0 0 0 6 10 7 3 6 6 7 12 16 21 28 33 38 43 41 36 33 31 25 24 21 25 26 22 20 19 19 20 22 21 18 21 19 21 23 24 24 22 20 20 21 19 18 20 16 15 14 15 14 13 16 20 23 26 29 31 32 28 29 31 33 35 33 37 39 38 37 35 38 40 43
0 0 0 0 0 0 0 0 0 0 0 0 0 0 0 0 0 0 0 0 0 0 0 0 0 4 7 2 2 2 7 11 13 19 23 25 32 36 40 38 39 35 30 25 24 23 20 21 18 18 20 20 20 21 21 18 21 22 22 25 26 29 26 23 20 20 18 20 21 19 17 17 17 14 17 17 21 24 27 29 31 33 33 32 29 31 36 39 44 45 43 40 39 41 42 40
0 0 0 0 0 0 0 0 0 0 0 0 0 0 0 0 0 0 0 0 0 0 0 0 1 4 5 3 5 4 10 14 20 25 29 33 37 37 37 36 35 34 27 24 24 22 20 22 22 21 20 22 22 23 22 21 21 22 25 28 28 30 28 25 23 20 22 20 21 19 17 16 16 16 19 21 22 23 25 28 28 31 38 35 31 32 34 38 41 43 46 46 46 44 42 40
0 0 0 0 0 0 0 0 0 0 0 0 0 0 0 0 0 0 0 0 0 0 0 1 1 2 2 2 4 8 10 17 25 28 32 39 43 43 40 36 34 28 25 25 23 21 20 21 23 20 19 21 22 22 22 21 23 23 25 26 26 25 25 25 23 22 20 19 17 18 17 16 15 17 20 22 22 24 26 32 31 30 36 32 33 34 36 35 37 40 44 45 46 45 43 40
0 0 0 0 0 0 0 0 0 0 0 0 0 0 0 0 0 0 0 0 0 0 0 0 4 2 3 3 3 8 15 21 27 34 40 44 45 48 44 40 36 31 28 27 25 21 21 23 20 20 22 21 18 18 20 22 23 23 25 25 26 28 26 25 24 23 21 20 17 16 18 19 14 16 21 22 21 23 25 30 30 29 31 30 30 33 36 35 37 40 44 46 46 43 42 41
0 0 0 0 0 0 0 0 0 0 0 0 0 0 0 0 0 0 0 0 0 0 2 3 3 1 4 3 7 13 20 25 31 34 40 45 42 43 44 40 38 34 27 27 23 21 22 20 20 21 23 25 20 21 20 21 22 23 25 26 26 30 28 31 26 24 23 21 17 17 17 18 14 17 21 20 21 21 23 29 28 25 25 29 31 32 32 33 40 45 46 47 46 44 43 42
0 0 0 0 0 0 0 0 0 0 0 0 0 0 0 0 0 0 0 0 0 0 4 6 5 3 5 2 8 17 23 26 31 37 41 42 42 39 37 35 34 33 28 27 25 24 22 20 19 22 23 20 19 23 22 24 26 25 27 28 27 28 30 31 26 23 21 22 20 19 18 15 14 18 20 19 20 20 23 26 25 26 27 29 31 32 34 33 37 40 44 46 45 43 44 42
0 0 0 0 0 0 0 0 0 0 0 0 0 0 0 0 0 0 0 0 0 2 6 6 3 7 9 7 8 20 26 31 40 39 36 40 42 41 40 34 32 29 26 23 24 24 24 23 23 21 21 20 23 22 22 23 22 24 25 26 26 28 30 29 26 22 22 24 21 20 19 16 14 18 18 17 18 20 20 22 25 26 31 32 32 34 36 37 39 39 44 45 48 46 44 43
0 0 0 0 0 0 0 0 0 0 0 0 0 0 0 0 0 0 0 0 0 9 12 8 4 9 12 13 10 19 29 33 37 36 38 36 36 37 38 36 33 31 30 26 25 26 29 26 25 27 23 22 22 22 21 22 21 24 26 24 26 32 31 31 28 24 26 25 21 20 22 21 17 18 18 18 17 22 22 23 28 32 34 32 33 36 38 39 41 41 44 46 48 45 43 44
0 0 0 0 0 0 0 0 0 0 0 0 0 0 0 0 0 0 0 0 2 8 7 8 7 9 12 16 18 22 32 31 32 30 33 38 38 37 35 33 32 32 31 30 27 27 24 24 24 25 25 25 22 24 23 24 24 27 27 25 27 31 28 29 27 23 23 24 24 23 23 23 19 16 17 18 20 21 21 24 32 35 33 32 34 35 38 42 44 46 44 45 47 48 46 44
0 0 0 0 0 0 0 0 0 0 0 0 0 0 0 0 0 0 0 0 2 5 3 4 6 9 16 25 26 25 29 29 27 30 37 36 36 37 35 31 34 33 29 28 30 27 26 24 22 23 23 26 26 27 25 26 26 29 28 28 28 25 25 26 24 22 22 22 23 22 22 20 18 17 19 19 22 23 23 24 29 29 29 33 33 38 42 44 46 44 43 43 45 46 46 46
0 0 0 0 0 0 0 0 0 0 0 0 0 0 0 0 0 0 0 0 3 4 3 6 7 8 20 31 34 33 32 32 28 32 39 38 37 37 34 32 30 30 30 30 29 27 28 24 23 21 27 26 26 25 24 26 26 27 28 29 29 27 26 26 26 23 23 21 21 19 20 18 16 17 17 20 22 23 26 27 26 28 31 33 36 39 42 45 43 41 40 40 41 45 46 49
0 0 0 0 0 0 0 0 0 0 0 0 0 0 0 0 0 0 0 2 2 3 7 10 7 12 19 25 32 37 34 37 37 39 40 38 37 36 35 36 36 36 32 28 27 26 26 25 22 23 26 23 25 24 24 25 26 26 25 27 27 24 26 29 29 24 23 22 22 19 17 19 15 16 18 21 22 24 30 31 28 29 33 33 37 39 41 42 40 40 39 39 41 44 45 46
0 0 0 0 0 0 0 0 0 0 0 0 0 0 0 0 0 0 1 1 2 4 6 8 7 13 21 29 35 36 35 38 38 40 44 39 39 40 39 34 31 36 37 39 34 26 24 26 22 24 23 23 24 23 25 26 26 24 23 23 23 23 23 24 24 26 21 22 21 19 19 19 18 16 17 21 23 27 33 34 32 33 35 37 38 38 40 39 39 38 35 38 41 44 42 42
0 0 0 0 0 0 0 0 0 0 0 0 0 0 0 0 0 0 3 2 4 4 2 4 12 15 17 23 30 33 34 39 38 38 43 44 41 48 35 32 33 33 32 33 34 28 24 23 25 25 23 25 25 24 26 25 24 25 25 24 23 22 22 22 26 23 21 19 19 20 20 18 17 16 17 22 26 29 33 34 33 32 35 36 35 37 39 38 34 35 35 38 40 41 40 40
0 0 0 0 0 0 0 0 0 0 0 0 0 0 0 0 0 2 6 4 5 4 5 7 13 17 14 22 26 30 32 35 36 38 39 40 43 51 40 35 35 30 25 27 29 29 26 25 27 26 23 24 26 26 26 24 23 24 24 25 27 22 22 22 25 22 19 20 19 19 20 19 16 17 17 22 25 29 30 31 33 34 37 35 35 36 37 35 34 33 37 39 39 40 40 39
0 0 0 0 0 0 0 0 0 0 0 0 0 0 0 0 1 6 4 4 6 7 9 9 13 15 18 24 28 32 35 45 42 43 43 47 47 39 37 36 35 33 27 26 27 30 27 27 27 25 23 24 24 27 26 24 22 24 26 24 26 25 23 23 24 22 20 20 19 20 19 20 17 18 20 21 25 26 29 30 31 37 38 37 38 34 32 31 31 32 35 39 42 41 43 41
0 0 0 0 0 0 0 0 0 0 0 0 0 0 0 0 2 5 5 7 7 12 9 9 13 18 16 21 29 31 34 38 39 36 39 47 46 36 33 36 38 35 33 28 27 27 30 30 27 24 25 25 26 27 23 23 25 26 26 26 26 25 24 23 22 23 22 20 20 20 20 20 16 19 21 21 23 27 30 31 34 35 36 38 36 32 33 30 31 31 33 38 41 44 44 40
0 0 0 0 0 0 0 0 0 0 0 0 0 0 0 0 2 4 5 6 7 12 11 10 15 17 16 19 25 31 34 36 37 37 37 38 38 41 36 37 36 38 33 31 28 25 26 28 28 25 26 25 25 25 25 23 24 24 28 27 27 25 23 22 22 23 23 20 20 20 19 18 18 17 20 21 22 27 30 30 33 35 36 38 34 31 29 30 31 31 33 39 40 41 42 39
0 0 0 0 0 0 0 0 0 0 0 0 0 0 0 3 6 4 4 4 6 10 22 12 14 18 22 23 27 33 34 35 39 40 38 38 36 32 35 31 29 28 29 35 29 31 30 29 29 27 24 24 25 25 26 25 24 23 28 26 24 22 20 21 22 23 25 23 20 20 21 20 17 17 20 23 24 27 28 28 31 33 36 36 31 29 27 30 32 33 34 35 36 40 40 38
0 0 0 0 0 0 0 0 0 0 0 0 0 0 2 8 8 5 5 10 8 10 16 12 15 17 19 23 30 39 42 38 38 36 38 37 36 35 40 38 29 26 28 37 30 26 28 27 29 29 25 26 25 22 25 25 27 25 25 25 24 22 19 21 26 25 26 23 21 20 21 20 18 19 20 23 24 25 27 30 29 32 33 34 31 28 28 29 32 34 37 35 34 36 37 36
0 0 0 0 0 0 0 0 0 0 0 0 0 0 3 5 6 2 2 4 8 12 17 18 19 20 22 29 33 37 40 38 37 34 35 40 41 38 35 33 27 25 23 29 28 29 26 26 28 27 27 28 23 23 25 26 27 26 24 25 25 24 21 24 27 27 26 23 24 20 20 19 18 21 22 27 26 25 28 30 29 31 32 28 28 26 28 31 33 37 37 36 32 32 32 34
0 0 0 0 0 0 0 0 0 0 0 0 0 4 10 9 6 5 7 9 12 15 17 22 24 24 27 32 35 39 36 37 36 36 38 40 43 43 37 26 25 23 22 26 28 26 24 24 27 28 28 27 27 27 25 25 25 28 26 25 24 23 28 27 23 24 26 25 24 20 21 19 18 22 26 28 28 26 26 27 25 27 26 27 26 27 31 33 35 38 35 33 31 31 30 31
0 0 0 0 0 0 0 0 0 0 0 0 1 7 7 6 3 5 5 9 15 18 21 25 27 29 30 30 34 39 36 34 35 41 42 38 39 31 31 30 30 24 23 27 27 27 24 24 26 27 23 26 26 29 28 25 24 24 24 27 23 21 27 26 22 23 25 24 22 22 24 19 18 21 25 29 28 28 26 25 25 25 27 27 27 28 30 33 36 36 34 32 31 29 28 28
0 0 0 0 0 0 0 0 0 0 0 0 7 6 10 12 6 5 7 11 16 19 21 27 32 34 37 35 32 32 32 34 38 40 33 29 29 30 27 27 26 25 25 26 25 26 27 26 27 26 22 23 25 27 28 27 27 23 23 25 24 24 26 27 27 27 27 21 21 23 20 17 20 21 25 26 27 28 26 23 23 23 24 24 25 28 28 30 32 33 34 34 33 30 27 27
0 0 0 0 0 0 0 0 0 0 0 2 8 6 4 5 6 5 11 13 16 19 22 25 31 36 39 38 36 34 33 33 35 32 27 28 32 34 29 27 29 35 27 28 28 27 29 28 27 27 27 28 27 26 28 27 27 29 28 24 24 24 25 27 27 27 25 22 23 22 16 19 22 22 26 27 26 26 22 24 23 23 24 25 24 28 27 28 31 32 32 32 32 30 26 26
0 0 0 0 0 0 0 0 0 0 0 8 10 4 5 6 5 5 10 14 17 21 20 26 35 42 40 40 37 40 42 31 28 28 28 25 26 28 30 31 32 36 30 26 28 31 33 31 29 31 31 30 30 28 29 28 33 37 30 26 24 24 26 27 26 26 25 22 23 23 17 21 22 22 24 25 26 23 23 22 23 24 23 23 27 26 27 29 30 30 29 30 29 29 27 26
0 0 0 0 0 0 0 0 0 0 1 8 8 1 5 6 6 7 10 14 19 26 31 28 33 34 35 37 36 40 40 31 27 28 34 28 21 24 26 25 24 27 28 27 29 29 33 36 32 30 29 28 29 31 28 29 37 30 27 26 25 27 28 27 26 27 23 22 21 20 20 23 23 23 23 23 23 21 22 23 24 25 22 24 26 27 27 30 29 27 27 26 25 27 26 26
0 0 0 0 0 0 0 0 0 0 5 10 11 10 5 7 8 11 12 17 20 24 26 27 31 31 33 34 41 47 34 31 29 25 26 27 27 26 24 24 26 25 28 29 28 27 29 31 30 30 29 27 28 30 31 34 39 35 26 26 25 26 27 27 26 27 25 22 19 20 22 22 23 23 22 21 22 22 21 22 23 23 23 23 25 26 29 26 26 25 24 24 27 27 27 28
0 0 0 0 0 0 0 0 0 0 7 6 6 6 8 9 12 12 14 16 19 22 25 32 33 34 32 31 38 38 31 30 30 23 21 24 27 27 22 24 25 25 26 29 29 28 28 30 30 28 27 28 31 31 31 33 36 36 30 27 27 26 27 26 27 26 25 21 18 20 22 24 24 23 21 21 21 21 23 23 24 24 24 25 24 24 26 26 25 25 26 28 30 29 28 28
0 0 0 0 0 0 0 0 0 2 5 6 7 8 9 11 16 16 17 17 19 22 27 32 33 32 32 31 34 33 35 38 31 27 22 18 21 20 20 22 26 25 26 27 28 31 29 30 28 29 29 27 28 29 31 30 30 30 26 25 28 29 26 26 25 24 23 22 19 20 22 23 23 25 21 22 23 22 22 23 23 22 23 22 23 23 23 24 23 24 26 29 29 29 30 30
0 0 0 0 0 0 0 0 0 5 6 9 10 9 10 13 16 18 19 25 27 26 28 29 33 31 30 27 26 28 27 31 31 26 23 19 20 22 23 23 24 25 28 28 28 28 29 30 29 31 28 24 27 27 26 28 30 28 28 28 28 28 25 25 24 22 23 21 24 23 22 23 23 21 21 21 21 22 24 23 23 22 20 19 22 24 25 26 25 23 24 25 26 28 28 29
0 0 0 0 0 0 0 0 1 3 7 10 10 10 12 15 15 18 22 25 27 29 26 27 30 31 25 23 26 26 23 28 33 27 25 25 24 23 29 27 24 23 26 28 28 29 29 29 30 30 26 27 26 29 27 28 26 27 27 28 28 25 24 25 23 23 22 22 26 25 23 23 22 20 23 25 21 20 22 22 23 23 22 22 21 24 26 27 27 24 24 23 23 25 25 26
0 0 0 0 0 0 0 0 4 5 10 11 9 9 15 17 18 19 21 23 27 30 29 31 35 25 24 24 24 23 25 32 29 26 25 23 24 24 25 30 28 26 24 25 27 29 29 29 30 30 29 30 26 31 34 32 25 22 22 25 25 23 23 25 23 23 23 23 24 20 19 20 22 22 24 23 23 22 22 21 22 23 22 23 24 24 25 25 25 23 25 25 25 25 25 24
0 0 0 0 0 0 0 3 4 7 14 18 15 16 18 19 22 22 20 24 28 29 31 30 30 25 21 24 24 24 22 24 22 21 21 24 26 26 27 28 26 25 25 26 29 27 27 27 28 30 30 28 33 35 30 30 27 25 23 23 23 21 22 23 25 24 23 24 22 21 19 19 22 21 23 23 23 23 23 23 24 24 24 25 25 25 25 23 25 24 24 25 24 24 24 26
0 0 0 0 0 0 3 5 6 14 16 16 16 15 15 19 22 22 22 22 23 27 34 33 23 24 24 26 23 24 19 22 22 21 23 27 27 28 30 29 26 26 28 32 28 26 26 27 31 33 33 35 37 34 30 29 25 23 22 24 23 21 21 22 23 23 24 23 23 22 23 21 22 21 22 23 23 23 23 25 25 24 23 25 24 23 26 25 25 25 24 25 25 26 25 25
0 0 0 0 0 1 10 6 8 16 16 16 16 17 16 19 22 21 21 23 22 24 30 26 24 24 23 23 24 25 19 22 19 20 25 27 26 28 31 30 27 26 25 28 31 28 25 28 30 32 33 36 34 30 32 30 25 22 19 20 21 21 22 22 23 23 22 21 23 21 21 23 24 21 20 21 21 23 25 26 24 23 24 25 24 24 25 25 26 26 25 27 27 27 27 25
0 0 0 0 0 5 9 4 10 14 16 17 15 18 20 21 24 22 20 22 23 22 23 23 24 26 24 22 28 24 19 16 18 21 24 26 25 25 26 32 30 27 28 30 29 28 31 30 32 34 35 34 34 31 28 28 27 24 22 22 22 21 21 22 24 25 24 23 23 22 23 22 22 22 21 23 21 23 24 25 24 26 26 25 25 26 25 25 26 26 27 28 28 27 27 27
0 0 0 0 2 4 4 9 11 15 18 21 20 19 23 27 29 26 22 22 23 23 24 25 24 25 25 21 20 20 21 19 18 23 22 25 24 27 31 38 32 26 29 30 30 32 36 39 40 37 32 29 30 23 25 25 29 28 26 26 24 21 22 22 24 24 26 23 23 23 24 21 22 23 22 22 23 24 25 26 25 26 25 25 26 26 26 26 26 25 28 28 28 27 26 27
0 0 0 0 4 3 5 14 19 21 20 19 18 22 27 30 32 29 25 22 22 23 23 25 24 25 25 23 24 23 19 19 20 21 23 25 25 26 29 33 29 28 31 30 32 38 41 44 41 39 34 23 27 24 26 25 26 27 28 28 30 25 23 23 22 23 23 21 23 24 24 23 23 22 23 25 24 24 24 24 25 24 24 24 25 26 27 29 28 25 25 27 28 27 28 28
0 0 0 3 9 5 5 11 17 16 15 18 21 25 29 33 33 32 28 26 21 22 24 23 24 26 25 25 27 27 24 19 21 22 22 24 26 26 26 27 28 30 30 29 36 38 40 46 49 44 39 32 26 29 25 26 27 28 29 27 31 24 23 23 23 26 27 26 24 23 23 23 21 22 24 24 24 23 25 25 25 24 24 25 25 27 27 29 29 27 27 26 27 28 29 30
0 0 2 9 9 4 4 2 11 16 18 22 22 24 34 37 36 32 30 26 21 22 23 22 24 26 27 28 29 29 19 16 20 23 23 24 26 26 26 27 31 32 31 34 43 45 34 43 46 41 41 37 26 26 22 22 24 29 29 28 30 28 24 24 24 25 24 25 24 23 24 22 24 24 23 25 25 23 24 25 26 25 24 24 25 26 26 28 28 27 26 27 28 28 27 28
0 1 6 10 8 8 10 8 11 16 19 22 21 24 31 34 35 33 31 28 27 25 24 23 22 27 31 26 30 24 17 16 16 17 20 23 25 24 26 29 33 34 36 31 35 44 40 39 43 41 35 34 30 26 24 22 25 30 26 26 30 28 24 24 25 22 24 25 24 25 24 24 24 24 23 23 25 25 24 25 25 25 26 26 26 26 27 28 29 28 27 27 28 27 26 26
0 6 11 8 7 8 10 14 12 16 19 21 23 27 31 34 33 31 30 29 29 28 27 25 24 30 30 29 24 23 23 20 16 12 14 18 23 21 22 26 27 30 35 33 40 42 40 40 47 44 32 35 35 30 25 25 28 28 25 28 34 28 27 25 24 22 23 26 25 24 25 25 24 24 23 21 21 24 24 23 25 25 26 26 26 25 25 24 27 29 28 27 27 26 26 28
0 3 6 5 10 13 13 14 15 18 18 17 21 22 28 35 38 32 30 29 29 27 26 26 28 33 34 29 20 18 22 21 21 17 14 17 21 22 21 31 31 27 27 29 41 41 37 38 44 36 32 37 38 32 25 26 24 26 28 31 34 31 26 23 25 25 23 24 24 25 24 25 24 25 24 25 22 21 25 24 24 26 25 27 27 28 26 25 27 27 27 27 27 27 28 27
1 5 3 5 8 10 10 14 18 20 19 17 19 21 27 28 30 33 40 36 31 29 28 27 32 29 33 25 19 18 19 24 24 17 15 23 22 24 27 28 29 28 31 36 36 34 39 45 42 30 33 34 34 34 27 26 25 25 30 29 30 31 27 24 25 25 23 26 26 26 25 25 24 23 24 24 24 24 21 23 24 25 26 25 26 27 27 27 27 27 26 28 27 29 29 28
2 7 6 6 10 11 12 13 15 18 18 20 20 21 23 26 27 29 28 33 32 32 29 30 33 29 26 21 21 17 19 20 22 19 25 31 27 27 23 25 31 30 33 40 34 31 37 36 41 36 35 34 36 35 23 23 24 25 29 31 33 35 30 25 25 26 24 27 25 23 24 25 26 26 26 24 24 24 23 21 24 26 25 25 25 25 26 28 29 28 27 27 25 27 27 28
3 3 4 5 9 13 17 18 18 21 23 23 24 24 24 26 28 28 30 30 30 34 34 34 32 29 26 23 23 23 24 21 20 21 38 38 31 30 28 28 35 38 27 37 38 34 30 30 31 32 35 33 45 35 29 27 26 25 25 28 30 32 30 26 27 26 27 28 23 24 25 25 25 26 27 25 25 27 25 26 24 23 24 26 25 25 25 27 27 27 27 28 29 28 29 28
5 2 6 6 9 17 23 24 25 26 26 23 20 20 20 23 24 27 27 26 26 28 29 34 35 29 33 25 19 21 25 26 24 24 38 29 28 35 34 31 38 43 36 39 35 34 34 31 34 31 38 35 40 39 32 27 28 29 27 30 29 29 28 31 35 27 26 26 25 27 25 25 25 26 26 25 25 26 24 26 25 23 23 26 26 26 26 25 26 27 26 28 28 28 28 28
6 7 5 6 10 16 20 23 25 25 26 25 21 20 19 19 23 21 24 20 24 25 25 29 30 26 30 26 26 23 25 27 23 23 24 31 27 30 33 38 40 42 46 45 32 33 36 34 33 36 34 29 37 36 30 27 31 30 29 33 30 29 29 34 30 26 25 24 25 26 27 26 25 26 24 26 26 25 25 25 24 25 23 25 25 25 26 26 27 28 28 28 27 27 26 28
6 9 10 11 12 13 18 20 23 25 25 23 19 20 17 19 25 22 19 21 23 21 20 27 28 26 29 25 29 28 26 22 26 29 24 26 31 33 33 35 36 43 46 42 36 38 37 36 36 40 35 34 34 33 35 33 31 27 29 31 30 37 36 30 28 26 25 21 24 26 27 28 27 26 25 25 25 27 26 24 26 25 23 24 27 26 27 29 27 27 29 30 28 27 27 27
9 12 10 13 15 17 18 18 17 18 19 18 18 19 19 15 23 26 21 25 23 23 22 26 29 30 27 25 26 28 26 27 30 29 28 27 30 33 38 40 40 43 43 40 43 36 35 36 41 45 35 32 32 32 29 31 31 29 30 29 34 36 31 28 28 26 26 24 24 26 26 25 26 25 26 26 25 25 25 26 27 26 24 25 29 29 29 28 30 28 27 30 27 28 28 29
15 16 14 16 17 18 17 16 17 20 19 18 17 12 16 18 18 23 24 26 24 23 22 22 25 28 24 30 28 27 28 27 30 31 30 33 33 36 41 44 41 40 37 30 35 34 31 29 36 40 36 34 33 29 28 30 30 29 28 30 32 33 29 27 26 27 26 24 24 27 26 26 26 27 28 26 26 26 26 26 28 27 27 28 27 30 27 27 29 29 27 27 27 29 28 28
19 17 18 19 19 18 18 14 14 17 21 18 17 15 18 17 24 23 25 26 25 25 28 25 23 28 26 27 24 25 25 27 28 33 29 30 32 37 45 43 41 35 35 27 29 30 31 31 31 34 34 32 29 28 27 29 29 28 29 31 31 32 29 25 25 25 25 25 26 25 25 25 27 27 27 29 28 25 25 26 29 28 28 29 27 29 30 28 28 27 26 28 27 28 27 29
20 18 18 20 18 16 17 18 14 15 19 15 16 16 16 18 23 28 26 26 26 27 29 25 24 26 26 25 23 27 29 31 26 29 29 27 32 33 38 39 40 32 31 33 35 30 29 35 33 30 35 35 30 30 32 30 30 31 31 32 31 32 28 28 27 26 26 27 26 25 26 26 27 26 27 26 28 26 27 27 29 30 28 29 27 30 31 30 27 27 26 27 27 27 28 28
