ViewShed-Visualize/viewshed_visualize2/raster12.asc
ncols        381
nrows        324
xllcorner    34.532083333285
yllcorner    31.646250000006
cellsize     0.000833333333
NODATA_value -32768
[rows 62 to 123 of 324, columns 192 to 287 of 381]
16 17 19 21 19 19 19 20 22 23 26 29 30 32 31 29 29 31 32 34 27 28 27 28 33 34 36 38 34 36 39 44 40 37 33 29 26 25 23 23 23 22 22 24 25 23 21 23 22 20 21 24 22 23 21 23 22 23 26 29 33 35 34 33 34 34 33 29 30 28 25 26 25 26 26 26 28 28 32 35 33 29 29 30 30 30 28 29 27 26 24 26 27 27 26 28
16 15 18 18 20 20 19 19 21 25 29 31 33 34 35 35 32 31 31 32 31 27 27 29 33 34 34 37 38 39 38 36 34 31 26 26 24 24 24 24 23 22 22 23 23 22 23 23 21 22 23 23 24 22 22 23 24 26 27 31 35 36 32 29 31 30 31 30 30 26 25 25 26 25 26 27 28 29 30 31 30 29 27 29 31 31 30 30 28 27 27 24 27 29 28 28
18 17 16 15 15 17 20 22 24 26 31 32 32 34 37 35 34 30 31 31 28 26 29 32 34 37 36 34 35 39 37 32 30 30 26 24 24 24 22 22 24 25 25 24 22 21 22 23 22 23 22 24 23 24 24 26 28 27 28 33 34 33 32 30 30 27 27 28 27 25 25 25 26 26 29 29 29 29 26 28 30 28 26 29 33 31 29 29 28 27 28 25 26 28 27 26
20 19 16 17 17 17 20 23 25 29 31 31 33 35 36 33 33 34 31 31 28 28 27 32 37 39 37 34 36 37 36 30 28 26 24 24 25 25 25 26 24 24 26 25 23 25 25 24 25 25 25 24 24 25 28 30 32 30 29 32 35 33 32 31 30 28 27 26 25 27 26 26 27 27 28 28 28 29 28 27 28 28 28 30 32 32 31 28 27 28 27 27 27 28 28 27
17 16 16 15 15 16 19 22 24 27 30 32 35 37 36 35 35 33 33 32 30 29 33 37 41 43 43 46 37 33 35 28 28 26 25 25 23 25 24 24 24 24 24 25 25 28 30 28 29 28 28 26 26 27 29 32 35 33 33 33 33 33 32 30 30 28 28 26 26 26 26 27 27 28 29 28 26 28 28 28 28 28 28 29 30 29 28 29 28 28 28 28 27 27 29 28
16 16 18 17 17 15 19 21 24 27 31 36 39 40 37 35 37 33 33 32 31 33 39 39 42 41 40 45 35 32 33 29 29 27 26 26 25 24 25 25 24 24 25 27 29 30 32 29 31 33 30 29 27 27 31 34 37 40 39 36 35 35 33 33 31 30 31 28 28 26 26 26 28 29 29 28 26 26 27 29 29 30 29 28 28 29 29 29 29 28 26 26 26 28 31 28
16 16 20 18 20 19 22 24 24 25 29 35 39 39 40 37 37 31 33 33 34 36 39 42 43 44 37 33 32 33 31 27 25 25 25 25 26 24 23 25 27 26 27 30 33 32 34 35 34 32 32 29 29 30 34 37 39 40 39 39 39 37 33 34 37 34 32 31 29 27 26 27 27 28 30 28 27 25 27 28 28 30 30 29 30 29 30 29 28 29 30 28 27 28 32 33
17 17 19 19 21 21 24 26 26 25 30 36 38 35 36 37 37 36 36 34 34 41 43 47 47 44 33 34 35 33 31 28 27 26 25 27 25 23 24 25 29 31 31 32 35 36 38 38 39 34 30 29 29 30 33 35 37 38 43 43 41 42 43 43 40 36 32 29 28 26 27 27 26 27 28 26 24 27 30 30 29 29 30 30 30 29 29 28 29 28 29 29 30 28 30 37
19 18 16 15 19 22 27 28 29 27 32 34 34 34 38 38 36 34 34 36 39 43 43 47 49 49 48 47 43 37 33 30 26 25 24 25 25 25 25 25 29 32 33 34 37 39 39 41 40 35 33 32 31 29 31 37 37 41 46 44 41 44 46 44 40 33 30 28 28 27 27 28 27 29 29 26 27 27 30 31 30 30 29 30 31 30 30 30 29 29 31 30 28 27 31 42
19 18 18 15 17 22 25 30 32 32 34 35 35 35 36 38 37 36 35 40 40 43 47 50 53 51 47 47 45 35 34 32 26 27 26 26 26 26 27 27 28 30 33 34 35 37 39 40 39 36 35 36 32 33 34 36 39 41 42 40 39 37 41 39 36 32 29 28 28 27 27 27 27 28 31 29 28 28 29 31 32 30 31 30 28 28 27 29 30 30 32 32 31 29 28 29
15 17 16 16 20 23 23 29 28 35 37 35 34 34 35 35 36 38 39 40 37 43 47 48 51 49 50 49 46 32 32 28 24 25 25 26 27 26 27 29 29 31 33 33 32 35 37 38 39 38 35 34 34 35 36 37 38 41 40 38 38 36 36 33 32 33 30 28 27 28 27 26 27 30 31 29 26 28 30 31 28 30 31 28 26 27 27 30 31 32 30 32 30 28 28 29
14 13 13 16 24 24 28 34 31 31 30 30 30 32 35 36 38 39 41 40 41 45 48 50 48 47 47 47 40 29 30 29 25 24 27 27 28 28 28 27 28 31 32 33 32 35 36 35 38 39 36 35 35 36 37 39 41 43 42 38 38 37 36 35 33 32 28 27 26 27 28 29 30 29 31 30 28 27 28 30 31 30 29 29 27 28 29 29 30 32 31 32 32 30 29 31
15 15 17 22 25 26 26 28 28 26 29 28 27 31 35 35 41 43 42 45 49 47 47 46 44 47 40 40 39 31 30 27 26 25 26 26 28 27 27 27 28 31 32 33 34 34 34 36 39 39 38 37 36 38 40 41 45 48 46 39 39 41 38 36 36 34 30 29 28 27 28 30 27 27 28 28 29 28 29 29 31 32 29 29 28 29 30 28 28 33 30 29 31 32 32 30
18 15 17 20 26 30 29 26 31 30 29 28 29 32 36 42 40 38 41 45 49 48 46 46 46 45 41 38 38 28 27 29 29 27 26 26 27 27 28 28 29 31 32 34 36 34 34 36 37 39 38 36 37 39 40 45 46 46 45 43 43 44 40 36 35 33 30 29 28 27 26 28 26 28 28 27 29 30 29 30 30 31 29 30 29 31 30 29 30 32 31 30 31 30 31 30
19 19 22 23 28 30 32 30 33 30 28 30 31 35 44 41 35 35 43 47 48 48 45 49 48 45 43 39 38 31 29 30 26 25 25 28 28 28 30 30 32 33 33 35 36 37 37 37 38 39 36 37 38 38 41 44 46 45 42 41 42 42 39 35 34 32 29 30 28 27 27 28 27 28 29 28 28 28 27 29 30 32 31 32 31 31 30 32 30 31 29 29 31 31 33 32
15 19 27 27 27 29 32 31 34 34 34 33 32 37 40 35 36 38 41 44 44 47 45 43 43 48 45 39 34 32 27 26 25 24 26 28 30 31 31 32 34 33 36 36 37 37 37 37 40 40 39 39 39 41 43 43 45 45 44 41 38 36 35 33 34 31 30 27 29 29 29 28 28 30 29 30 26 29 28 30 31 31 30 32 32 32 31 32 31 31 28 29 29 31 32 30
12 17 24 28 26 28 27 30 29 28 32 35 37 35 37 37 37 42 42 44 45 46 43 42 42 39 37 33 33 30 29 27 27 26 27 30 32 33 33 34 35 36 37 36 36 37 37 38 39 40 41 41 42 43 44 46 47 47 42 40 39 37 34 33 33 32 29 26 27 29 29 28 26 28 30 29 27 28 30 29 29 29 30 29 31 30 30 31 30 29 30 31 31 32 32 31
19 23 24 31 29 26 26 28 29 28 29 32 35 32 36 40 41 43 44 43 45 44 42 40 37 34 34 31 29 29 28 28 28 27 27 30 33 33 34 35 37 37 38 37 37 37 37 39 40 40 42 45 45 45 46 48 50 48 46 42 40 40 37 34 32 33 32 28 28 28 29 29 28 28 29 29 28 29 29 30 29 30 30 29 31 32 32 31 32 30 30 30 32 32 33 32
22 22 24 26 25 28 26 25 28 31 31 31 33 34 38 39 42 44 45 42 42 41 41 38 32 30 29 30 32 29 27 27 27 27 28 29 32 33 33 35 36 35 35 36 36 36 38 41 41 41 45 47 48 48 48 52 52 49 47 47 45 43 38 36 34 34 32 31 29 28 28 28 28 29 30 31 31 30 29 29 29 29 30 30 31 33 34 33 33 29 29 30 32 33 34 33
24 26 23 25 25 26 26 29 32 34 34 30 29 34 38 37 41 46 44 38 40 40 37 33 28 31 32 34 33 28 26 29 29 28 29 28 29 30 32 31 33 34 34 36 36 37 38 41 42 44 46 48 50 51 51 53 52 51 49 46 46 43 39 37 37 35 33 33 30 28 29 28 28 29 29 33 32 27 28 30 29 28 27 29 30 31 32 31 32 30 30 31 30 32 33 33
25 28 26 24 23 22 26 26 30 30 26 28 28 35 38 38 39 44 43 39 39 40 35 30 28 34 36 37 37 34 30 28 29 29 28 28 29 31 31 30 33 35 37 36 38 38 39 40 42 45 46 47 48 52 54 55 51 49 46 44 42 41 38 39 38 36 34 32 29 29 29 28 29 29 30 33 32 29 29 29 30 31 30 30 29 30 31 30 30 30 31 31 31 32 33 33
23 23 23 24 27 26 26 30 29 31 29 29 31 35 37 38 39 43 42 38 37 39 37 31 27 33 32 31 31 35 32 28 30 29 31 29 30 30 30 32 32 34 35 36 35 37 40 42 42 43 45 47 50 54 57 57 53 48 46 42 42 43 42 43 38 35 33 32 31 30 29 27 30 30 30 31 32 31 31 30 30 30 29 30 29 29 29 31 30 31 31 30 30 32 31 32
27 29 26 24 27 27 29 31 32 29 32 31 36 38 38 40 42 44 43 39 40 39 40 35 32 36 31 31 31 32 31 30 30 30 32 29 31 32 33 32 32 34 35 35 35 41 41 42 40 40 43 47 50 52 54 58 54 50 48 46 48 45 42 39 39 36 32 32 30 31 31 29 29 29 31 32 32 29 30 29 30 30 28 29 30 29 29 31 32 32 31 31 33 34 31 32
29 33 28 25 24 26 28 27 31 33 31 33 36 39 38 40 41 42 42 40 39 39 37 36 39 31 31 31 31 31 32 33 34 35 34 31 32 33 33 34 34 35 35 39 39 41 42 42 42 43 44 48 51 51 56 56 52 51 50 49 49 45 40 38 36 35 33 32 31 31 29 30 30 32 32 34 31 30 31 31 31 31 29 29 30 29 30 30 31 31 32 31 31 31 32 31
33 31 26 29 31 31 29 29 33 35 34 36 37 39 40 42 43 42 43 39 37 41 38 35 33 31 31 31 32 30 34 33 35 35 35 33 33 34 35 35 35 36 36 38 42 40 41 44 46 47 46 50 50 53 54 54 52 49 48 48 47 46 43 42 39 35 33 33 33 32 32 33 32 33 34 34 32 29 30 29 30 31 31 30 32 31 31 30 31 29 32 30 30 31 32 32
31 31 26 29 30 29 28 29 29 33 36 37 36 40 42 44 44 45 42 37 35 38 38 38 31 31 34 33 30 29 31 33 34 36 37 37 36 34 34 35 37 38 39 39 40 40 41 44 48 51 50 51 52 56 56 56 52 51 48 45 43 41 45 42 39 37 36 35 35 34 34 36 34 33 33 33 33 32 30 31 29 32 30 31 31 32 31 32 30 31 30 29 31 32 32 31
33 33 28 27 29 31 29 29 29 32 33 36 39 41 45 46 44 42 39 36 36 40 35 35 36 34 33 32 28 29 30 33 36 37 39 39 36 37 37 36 38 39 41 40 40 42 42 45 48 52 54 55 58 60 59 56 53 52 48 43 40 39 40 39 37 35 34 34 33 34 34 35 35 34 34 31 33 32 30 31 32 33 31 30 31 31 31 31 30 30 32 30 32 32 32 32
36 35 31 29 29 29 28 29 32 33 35 37 40 41 43 44 42 40 37 35 36 40 36 36 32 30 30 31 31 31 30 33 35 36 39 39 38 37 37 36 38 39 41 42 43 45 45 46 50 52 55 58 58 61 60 59 58 53 50 45 42 39 39 37 35 34 33 35 35 35 35 35 36 35 35 35 37 35 32 31 31 32 31 31 31 31 31 32 31 32 34 35 36 35 32 32
35 34 33 33 31 31 32 33 35 36 38 40 41 42 44 43 41 40 39 37 40 39 35 33 30 30 29 29 31 30 31 32 33 35 39 40 39 37 38 37 38 39 42 43 46 49 49 49 49 51 52 54 56 61 63 63 62 55 49 45 41 40 38 36 35 33 32 33 33 36 38 36 38 38 37 38 39 36 33 33 31 31 31 30 31 31 32 31 31 35 36 37 36 35 35 34
34 31 30 30 29 33 34 35 34 37 40 42 46 50 48 43 41 40 38 38 39 41 36 31 29 30 29 28 29 31 32 32 34 35 36 39 40 40 40 41 39 40 44 46 50 53 54 53 51 52 51 54 55 59 62 63 60 55 49 42 39 37 37 37 36 36 36 34 35 36 35 36 38 40 39 39 37 37 35 34 33 32 32 31 31 32 32 32 33 36 35 36 36 35 36 36
36 31 29 32 30 33 34 35 36 38 42 44 47 52 51 47 42 41 38 37 38 40 36 32 31 29 29 30 31 32 31 31 35 35 34 37 38 39 42 41 41 41 43 47 50 52 54 56 54 53 53 56 59 59 56 54 54 53 50 45 40 39 38 38 36 36 36 36 37 37 37 39 39 43 42 40 38 37 36 36 34 33 32 31 30 31 31 31 32 33 34 35 37 37 38 37
36 34 32 35 36 36 37 38 38 41 42 46 49 51 52 47 44 41 39 36 37 37 34 31 32 31 29 29 29 31 33 33 34 35 35 35 37 40 43 44 43 44 43 47 50 53 55 56 57 54 55 59 58 54 51 51 49 48 45 41 37 38 38 37 36 37 38 42 43 39 38 40 42 42 42 39 37 39 38 38 38 37 33 32 33 31 32 32 33 33 35 35 38 38 37 37
38 39 37 37 38 37 39 42 44 44 43 46 49 50 50 47 46 41 38 35 36 35 33 31 30 31 29 29 30 31 33 35 37 38 37 39 38 39 41 46 47 48 46 48 52 56 59 60 57 56 56 58 57 56 54 53 49 46 43 40 37 39 39 39 36 38 40 42 45 41 41 41 42 42 42 40 39 38 38 40 39 37 33 32 33 33 33 32 33 33 34 35 36 37 37 36
36 38 39 40 40 40 42 43 45 45 44 45 48 49 47 44 41 40 38 34 34 33 31 30 29 30 28 29 29 32 35 37 38 40 43 42 40 40 40 45 47 47 47 48 50 55 58 59 60 60 57 58 57 60 59 57 54 46 42 40 40 42 42 40 38 39 41 44 48 46 45 44 44 44 45 45 46 43 41 42 40 38 35 34 34 33 31 33 32 33 32 34 37 36 38 35
37 36 40 42 41 42 44 43 45 45 45 45 46 45 44 41 40 39 36 34 32 32 31 31 30 29 29 30 30 33 37 39 41 42 45 44 40 39 40 41 44 45 44 46 49 51 52 54 59 61 62 58 57 60 59 58 53 45 42 40 42 47 50 44 39 41 44 49 53 51 47 46 45 45 49 47 45 43 41 41 41 40 38 36 35 33 32 32 33 33 32 33 36 36 35 33
36 38 41 45 47 45 43 44 45 45 45 43 42 41 38 38 40 38 34 35 33 32 32 32 32 31 32 33 34 35 37 40 44 45 46 43 41 41 42 42 41 44 46 47 49 52 53 54 57 59 61 60 56 52 56 52 49 46 42 42 45 51 52 47 44 46 47 49 54 54 51 51 50 49 47 44 43 42 39 39 40 39 36 36 36 35 33 34 34 31 32 34 34 34 34 33
38 39 42 45 46 48 47 43 42 40 39 40 39 36 36 38 39 37 36 35 34 31 31 32 32 31 32 33 35 37 39 42 47 48 47 44 44 43 44 42 44 45 47 51 53 54 57 56 59 59 59 59 55 51 51 47 48 47 43 43 47 51 50 47 45 45 47 49 58 59 61 58 52 49 46 42 41 39 38 41 38 37 37 36 36 35 33 33 34 32 32 33 34 34 35 36
40 43 46 47 46 46 45 41 38 37 37 35 37 35 35 35 37 36 35 34 33 30 30 32 31 31 33 34 35 36 41 44 47 48 47 45 47 47 45 44 42 43 47 51 54 55 58 59 62 62 59 56 53 52 50 49 47 45 44 44 48 53 53 49 47 46 47 47 60 59 58 55 51 48 45 45 43 43 42 41 35 36 36 35 37 34 34 33 34 34 34 33 34 34 35 34
47 47 48 48 45 44 42 38 37 34 34 34 34 34 35 34 37 35 33 31 32 31 30 30 32 34 33 33 35 37 40 43 45 47 48 48 49 48 46 45 44 45 48 50 52 53 55 57 59 58 58 56 55 54 52 52 51 47 45 46 48 54 58 54 50 47 47 48 58 55 54 50 49 47 44 44 45 46 45 40 38 37 35 33 36 35 35 35 34 33 34 34 34 34 35 34
46 48 46 46 43 42 41 38 37 36 36 33 34 33 36 39 38 34 31 31 33 32 30 31 33 34 34 35 35 38 41 41 43 44 48 50 51 50 47 46 45 47 48 51 51 52 54 57 58 58 56 53 54 54 58 59 55 49 46 45 47 52 55 55 50 47 46 49 52 53 52 50 51 47 47 47 49 51 47 43 39 38 34 35 33 33 34 34 35 35 34 35 36 35 36 33
42 43 45 43 42 39 41 39 36 36 35 34 33 37 43 39 34 31 31 31 32 32 32 32 35 37 36 38 37 39 42 41 43 45 48 52 53 52 48 48 47 47 48 51 50 51 53 56 55 54 54 53 51 51 51 53 52 49 46 46 48 51 53 56 52 48 47 50 55 56 54 53 54 50 50 49 50 51 46 42 40 39 36 34 34 36 37 36 35 35 36 38 38 36 35 35
38 39 40 40 42 43 40 41 40 39 36 35 39 43 39 35 32 32 33 33 34 33 34 35 37 37 38 40 39 40 43 45 46 44 47 51 53 52 48 47 47 48 47 49 50 52 54 56 57 58 57 54 50 50 51 51 49 47 46 49 50 53 57 58 53 49 48 52 55 57 55 56 55 51 50 47 44 44 43 40 38 38 38 36 36 36 36 35 35 33 36 37 38 38 36 36
39 38 38 39 42 44 44 42 41 41 39 41 42 40 34 32 32 35 34 33 34 33 36 37 39 38 41 40 40 42 43 47 47 44 44 48 51 52 50 50 48 49 49 49 53 53 54 55 58 58 59 54 51 53 53 52 49 49 48 50 54 60 62 57 52 51 50 56 57 55 53 57 58 55 47 44 42 41 40 39 37 38 39 37 37 37 36 36 37 34 35 37 39 37 35 35
34 37 37 40 41 44 44 44 43 41 42 41 38 35 33 34 32 31 31 33 35 36 37 39 41 40 39 42 43 42 42 44 46 45 45 48 50 51 51 53 51 51 51 51 54 54 55 57 60 60 59 58 58 57 57 55 51 50 49 51 55 61 63 59 56 55 58 59 54 52 53 57 61 56 48 44 43 42 40 39 37 38 40 38 39 38 38 37 37 35 36 37 38 38 37 36
35 37 38 39 38 41 42 44 41 41 39 37 38 33 32 32 30 33 33 33 34 36 36 39 42 44 44 45 48 46 44 45 47 49 49 51 51 51 50 51 52 51 51 51 52 53 53 55 59 61 61 61 61 60 61 61 57 52 52 52 53 55 58 59 59 59 59 58 55 55 52 53 54 51 49 47 45 43 40 39 38 39 39 37 36 35 38 37 36 37 37 36 37 37 38 39
39 41 41 40 42 41 41 40 40 38 37 38 36 34 34 33 32 35 35 34 38 38 38 38 41 44 46 48 51 51 48 49 49 51 51 51 51 49 49 49 51 51 49 50 50 52 52 56 57 60 63 62 61 63 64 62 59 53 52 51 53 56 59 61 62 61 62 61 59 55 52 51 49 47 45 45 46 43 41 39 37 39 39 38 37 36 36 36 36 38 39 38 38 39 40 40
39 38 42 40 41 43 42 38 39 38 36 35 35 34 34 37 36 36 36 36 39 38 39 40 40 44 49 51 52 52 48 48 48 50 50 49 48 48 47 49 50 48 48 49 52 52 54 58 58 60 62 64 66 66 63 60 56 54 51 51 55 59 64 65 64 64 67 66 62 58 54 50 48 45 43 44 44 43 39 38 39 39 38 38 37 37 36 37 38 38 37 38 38 39 41 42
37 38 39 36 42 42 41 40 38 39 34 35 34 34 36 36 37 36 36 38 38 39 37 40 42 45 48 51 51 51 49 47 49 49 49 47 46 45 45 47 47 48 48 50 52 53 55 57 59 60 60 63 66 69 66 61 58 55 55 57 58 63 65 66 63 65 67 70 66 60 56 51 48 45 44 43 41 41 40 39 39 38 38 38 38 38 39 40 38 37 37 38 40 38 41 41
35 36 35 35 39 44 41 40 37 36 35 34 34 35 35 35 37 36 37 35 36 37 37 39 38 42 44 47 46 46 46 45 45 45 45 45 45 44 44 44 44 46 48 49 51 53 54 56 59 60 59 60 62 68 68 63 60 56 57 59 60 61 62 62 62 63 62 64 62 59 55 51 48 45 43 42 41 41 39 39 41 40 39 40 40 38 39 39 39 39 40 40 40 39 41 41
35 36 36 38 41 42 39 42 36 34 35 38 33 34 34 37 37 37 38 38 35 35 36 38 37 38 40 43 43 42 42 42 43 43 43 44 44 44 45 45 46 48 48 50 51 53 54 55 57 58 58 61 65 70 72 66 62 60 59 60 59 59 58 58 58 59 60 60 58 55 51 49 47 45 44 42 40 40 39 39 41 41 40 40 41 39 39 40 39 40 41 42 42 40 41 43
38 40 40 40 42 42 39 40 35 35 34 34 32 34 35 40 36 36 38 39 38 39 38 38 37 41 40 39 40 42 42 43 43 44 45 46 43 44 46 47 49 50 49 49 51 52 52 53 55 57 59 60 64 69 69 66 62 59 57 58 58 57 57 55 56 59 61 57 55 52 49 48 45 43 43 43 39 40 40 41 41 41 41 41 42 41 40 41 40 42 43 42 43 42 42 45
45 43 42 42 42 41 40 39 35 35 34 33 34 35 34 37 36 34 36 38 40 39 40 39 38 43 43 40 41 42 44 48 47 46 47 47 47 46 46 50 50 51 51 51 51 52 53 55 57 60 63 65 66 64 62 60 59 57 54 55 56 55 55 54 54 56 56 54 52 51 47 46 45 45 44 44 43 42 40 42 42 43 43 44 43 44 43 44 43 43 41 42 43 43 43 45
46 45 46 45 43 40 38 38 36 35 35 35 35 33 33 35 34 36 36 35 37 39 40 40 41 43 44 45 46 45 47 51 49 47 50 49 47 46 47 47 47 52 55 56 53 52 55 56 61 63 67 68 66 62 60 58 57 56 54 54 52 53 51 52 54 54 53 52 50 49 47 45 45 45 43 44 45 45 42 41 43 43 43 44 42 43 43 44 44 44 42 43 44 45 45 48
42 48 50 48 43 40 38 39 36 35 35 36 33 35 36 35 32 36 37 38 38 39 40 41 41 43 44 46 46 46 48 46 47 51 54 53 52 49 48 49 48 51 52 54 59 54 56 56 59 62 65 68 65 63 60 58 56 56 55 54 52 51 50 49 51 52 51 50 48 47 47 45 44 44 47 47 49 49 46 41 43 43 43 43 42 42 43 44 44 43 43 45 45 46 47 50
42 48 48 44 41 40 39 40 38 34 35 35 35 35 36 34 34 37 36 37 37 39 40 43 42 41 42 44 45 46 48 48 48 52 55 58 56 50 49 50 50 52 54 57 57 57 60 59 61 63 63 64 62 61 60 58 58 60 59 52 54 52 52 51 51 50 49 49 48 46 47 46 45 46 47 50 52 51 47 44 44 45 45 45 44 43 44 46 45 46 48 49 47 46 49 52
43 44 45 44 44 40 42 39 37 36 35 33 32 34 35 35 36 39 38 37 39 41 40 40 41 41 43 44 47 49 50 51 51 52 55 59 56 53 51 49 50 49 52 57 58 59 63 63 62 62 63 62 61 61 58 60 63 62 58 54 54 55 57 58 55 51 49 48 46 49 48 49 48 49 51 54 55 52 47 45 45 45 45 46 45 43 46 47 46 48 49 52 52 51 50 54
40 43 43 40 40 43 40 38 36 33 34 34 35 36 35 34 35 37 37 36 37 39 39 41 42 42 43 46 50 51 54 56 56 55 55 56 54 52 51 49 51 54 57 58 60 62 62 61 60 61 61 60 59 59 60 61 64 64 60 56 57 59 61 61 56 52 48 48 50 51 50 53 51 51 54 58 57 52 49 45 47 46 47 47 46 44 45 45 45 48 49 50 54 55 54 58
40 44 44 42 38 38 39 39 37 34 35 35 36 36 35 36 36 38 36 37 38 38 40 41 41 43 46 49 51 53 55 59 60 59 57 54 54 52 51 52 53 55 57 59 62 62 62 62 59 57 57 58 59 61 63 63 65 65 64 60 60 63 63 60 57 52 50 48 51 53 55 59 58 55 55 54 53 49 45 45 48 46 47 46 46 46 45 46 47 47 50 50 53 56 57 61
41 43 42 41 41 42 38 38 38 34 34 35 36 37 36 38 39 39 37 37 39 38 38 40 42 45 48 52 55 57 58 62 61 60 59 56 54 52 50 52 53 56 59 61 63 63 61 59 59 57 57 58 60 63 65 64 66 68 67 63 61 63 60 57 55 51 50 50 53 56 58 63 62 56 53 50 49 47 45 48 48 44 46 47 48 49 49 47 47 48 48 51 55 58 60 66
39 40 40 40 38 38 36 39 39 35 37 38 36 37 38 38 39 39 38 38 38 38 38 41 43 46 50 54 58 59 60 62 61 61 61 57 55 54 52 53 54 58 60 62 64 63 61 59 56 56 56 58 62 64 65 66 68 69 65 63 61 60 58 55 54 51 50 52 57 60 61 65 62 56 51 50 48 47 46 48 48 46 48 48 50 50 51 49 50 49 49 52 55 56 59 68
35 38 40 38 35 33 35 38 40 38 37 38 36 36 38 37 36 36 36 37 40 39 39 42 42 45 49 53 56 58 59 59 57 58 58 57 56 55 53 54 57 60 61 63 63 61 58 56 53 56 57 60 61 62 63 64 68 69 66 61 58 58 57 53 53 52 51 52 55 60 64 64 61 56 53 52 50 47 47 48 46 46 47 50 52 54 56 54 53 52 52 50 54 56 58 67
39 37 38 38 37 35 36 39 39 38 37 37 37 35 37 38 36 37 37 37 38 40 39 42 44 47 50 52 55 55 54 55 57 57 57 58 55 54 54 55 55 56 58 61 63 59 57 54 53 54 57 57 57 59 61 64 67 68 65 59 59 60 58 56 54 54 56 56 57 60 64 65 60 54 53 52 49 48 47 49 49 48 48 52 55 58 60 59 55 54 54 53 56 55 56 62
