ViewShed-Visualize/viewshed_visualize2/raster10.asc
ncols        888
nrows        755
xllcorner    34.321249999951
yllcorner    31.467083333340
cellsize     0.000833333333
NODATA_value -32768
[rows 342 to 398 of 755, columns 480 to 575 of 888]
52 52 52 50 50 52 56 56 58 58 57 57 55 54 53 54 55 55 58 59 62 64 66 63 63 64 63 60 62 65 64 72 73 70 65 63 62 63 63 58 55 52 49 48 52 53 52 53 53 56 58 60 58 56 55 60 64 68 69 68 66 66 65 67 72 77 78 80 80 73 75 83 81 73 65 63 62 60 56 54 52 53 51 49 51 52 55 56 55 56 61 64 70 71 69 67
53 49 50 51 50 52 54 56 56 57 58 57 56 54 53 53 53 55 57 59 61 60 62 61 62 63 63 64 66 70 72 75 75 72 66 65 60 61 62 60 55 52 51 49 52 54 52 51 54 58 59 60 60 57 58 62 69 75 75 73 68 64 63 66 70 72 76 80 81 74 78 82 79 70 65 61 60 57 56 53 52 54 50 51 52 55 57 59 59 57 58 60 65 68 67 65
51 49 47 48 48 49 50 53 53 56 57 59 56 55 53 52 54 56 56 58 58 59 60 60 61 62 64 66 68 69 71 73 74 69 65 61 58 56 56 58 54 52 51 52 54 53 53 52 56 59 61 61 58 57 59 62 67 74 77 75 73 67 63 65 69 74 80 85 83 82 88 83 73 68 66 62 58 56 54 55 55 56 51 50 51 54 59 62 62 60 60 61 63 66 66 64
47 47 46 45 50 49 50 52 53 54 55 55 54 54 52 52 53 53 54 55 57 58 60 61 61 63 65 68 69 67 65 68 67 66 62 58 56 54 55 55 56 56 53 55 54 54 53 55 58 59 62 63 60 57 61 63 67 72 75 72 71 69 66 67 71 81 86 91 89 90 94 89 71 67 64 61 57 57 56 53 57 57 51 52 52 55 60 65 66 62 60 61 63 64 63 63
43 45 46 49 49 47 48 49 51 52 52 51 53 51 50 49 51 51 52 53 55 56 57 60 64 64 65 69 68 65 64 64 62 60 59 56 55 54 57 56 55 56 57 59 56 56 54 55 59 63 66 67 63 61 62 64 67 73 74 72 71 69 66 70 78 86 90 88 90 93 90 84 72 68 65 61 59 56 56 57 61 60 58 54 53 55 60 63 65 64 62 63 63 65 65 65
44 44 46 48 47 45 46 47 48 51 51 49 51 50 50 50 50 52 53 55 57 58 58 59 66 67 68 70 68 66 63 62 60 60 58 58 59 59 60 58 54 56 59 61 57 56 56 55 59 63 70 69 65 64 65 64 66 70 74 73 75 76 69 70 79 89 90 86 87 88 85 78 70 67 62 60 58 58 59 61 62 60 60 56 55 54 56 59 61 64 66 63 63 66 67 67
44 42 44 47 45 44 45 47 48 48 49 48 49 48 50 50 54 55 56 59 59 60 59 62 66 68 70 69 66 64 62 62 61 61 61 62 62 62 62 59 58 58 59 61 61 57 57 57 59 65 70 69 66 65 66 66 66 68 72 78 79 79 74 73 80 87 84 81 78 77 72 70 67 63 61 58 58 61 62 62 63 61 57 55 55 56 55 59 64 66 67 68 67 67 69 67
44 45 44 46 46 47 44 47 47 47 47 48 48 49 51 52 55 57 59 62 61 63 63 64 66 70 71 68 65 64 62 62 62 63 64 65 67 68 64 60 58 60 58 62 64 60 60 57 59 63 67 67 70 68 68 69 68 68 73 79 81 79 75 77 83 87 83 77 75 71 68 66 65 61 59 58 59 60 63 64 64 61 59 57 57 57 57 58 62 64 66 71 71 71 70 69
44 44 45 46 47 46 46 48 47 47 48 47 49 51 53 55 55 58 60 61 61 62 64 67 68 69 68 68 65 65 63 65 66 66 68 68 70 70 66 59 57 58 59 63 66 62 60 59 61 63 67 69 72 73 72 72 69 69 70 76 79 77 78 82 87 88 84 84 80 72 67 65 65 62 59 57 59 63 66 68 67 63 61 59 59 57 57 58 60 64 65 69 71 74 73 72
45 46 47 47 47 46 47 48 46 46 48 48 50 51 53 52 55 57 57 57 59 60 62 66 68 69 68 66 63 63 63 66 68 70 72 72 72 73 70 62 60 63 64 64 65 60 59 62 63 64 69 71 75 78 78 76 73 73 73 78 81 80 80 81 86 89 89 91 86 76 71 68 65 64 62 59 62 65 69 73 72 67 63 62 62 59 58 59 59 63 66 67 70 71 72 72
47 47 48 49 48 48 47 48 47 49 49 48 49 52 51 51 53 55 56 57 59 60 61 62 63 64 64 64 62 63 65 68 69 73 74 74 74 75 71 64 63 66 66 63 65 64 62 63 68 64 67 69 72 79 81 77 78 79 78 83 86 85 83 82 84 88 92 91 82 75 71 71 69 66 64 63 64 64 67 68 70 67 66 66 61 61 60 61 62 64 65 66 67 70 69 71
48 48 50 49 48 48 48 50 48 49 50 50 49 51 51 50 51 53 54 56 56 58 58 60 61 61 62 62 61 61 63 66 70 72 72 73 72 72 70 67 62 67 70 66 66 67 67 65 67 66 65 68 74 79 78 77 80 82 82 86 90 88 87 86 85 87 89 87 81 75 71 68 66 65 64 66 66 65 68 69 70 70 68 65 61 62 61 63 62 62 63 63 65 68 69 70
50 52 53 52 50 52 52 50 50 50 51 52 52 52 51 50 51 53 54 54 55 56 56 56 56 58 61 59 60 61 63 65 68 68 68 70 69 68 68 68 66 71 70 70 72 69 68 64 64 63 65 70 74 75 74 76 80 81 83 85 88 86 88 88 87 88 83 81 77 73 72 69 66 66 64 66 68 68 69 72 73 73 70 66 65 63 61 63 64 64 63 64 65 67 71 71
51 55 54 54 53 52 51 50 52 52 51 52 52 52 51 51 51 51 52 53 53 54 54 55 57 57 58 58 59 61 63 65 64 66 66 69 67 65 65 67 69 70 70 76 77 73 69 66 63 65 65 69 69 71 71 75 78 78 80 84 86 86 88 90 91 93 88 83 76 75 73 72 67 66 66 68 70 71 71 72 74 73 69 69 68 64 63 64 65 68 68 64 64 67 71 73
52 54 55 58 57 54 53 53 55 55 54 55 53 52 51 50 50 51 52 53 53 55 54 55 55 56 57 58 58 59 61 58 61 63 63 64 65 64 66 68 68 70 72 74 74 73 68 67 65 65 66 67 69 69 71 75 76 77 76 81 83 86 91 94 96 98 93 81 78 79 75 71 68 66 67 71 73 76 74 72 75 75 71 68 68 65 66 69 68 71 71 68 67 69 72 74
52 55 56 59 59 58 56 56 57 56 55 55 53 53 53 53 52 52 52 53 55 56 58 57 56 57 59 59 58 57 59 58 61 60 60 61 61 61 68 67 68 71 73 73 74 72 70 69 67 66 67 68 69 68 70 73 75 75 78 82 84 87 90 94 97 94 88 81 79 80 74 71 70 67 68 71 77 79 77 76 75 74 73 69 67 66 69 70 73 76 75 72 70 69 72 74
52 55 57 59 60 59 58 57 57 57 57 54 53 53 54 55 55 55 57 57 58 59 59 59 58 58 59 59 59 58 62 60 61 62 63 61 60 60 64 67 67 68 71 73 73 73 69 69 68 70 72 73 71 72 72 75 78 81 83 86 86 86 89 92 94 94 92 88 86 82 76 72 70 70 71 71 76 79 78 75 72 69 69 67 64 67 70 73 75 76 74 72 72 71 73 74
53 55 57 58 61 61 62 62 60 59 59 58 57 56 56 56 55 56 59 61 61 62 62 60 60 60 60 59 61 61 64 62 60 62 63 63 64 63 61 63 63 67 68 72 73 73 71 71 70 72 76 75 75 74 75 78 82 84 84 83 84 86 89 94 95 95 92 87 85 81 76 72 74 75 74 73 77 80 79 75 73 71 70 67 67 66 68 74 77 76 76 76 74 74 73 72
57 57 59 58 61 63 64 63 63 62 59 59 59 58 59 58 56 57 61 65 66 65 64 63 63 61 63 62 63 64 64 65 62 66 66 66 67 63 58 61 62 68 70 73 74 73 73 74 75 77 79 78 78 79 77 78 82 83 82 79 83 87 89 91 91 91 90 88 83 79 77 73 79 82 80 78 79 80 81 78 76 74 71 70 67 68 69 71 75 75 75 74 72 71 71 69
59 58 60 60 61 62 65 65 64 64 62 62 61 61 62 58 58 60 60 65 68 71 69 67 65 64 64 65 67 68 65 64 64 66 66 67 68 66 59 61 64 67 71 73 75 77 78 79 78 84 84 84 84 81 78 78 81 81 78 79 83 84 84 85 89 91 88 85 82 80 76 77 78 83 81 81 81 81 81 79 78 76 74 71 67 69 72 73 75 75 73 73 72 73 70 69
61 60 60 61 63 65 67 69 68 66 65 66 65 64 62 60 59 59 62 65 68 71 74 71 68 68 66 67 70 70 67 66 65 69 67 69 68 68 65 66 67 68 70 71 73 76 77 81 84 87 86 85 84 81 78 78 79 80 79 79 82 84 83 83 88 90 88 82 79 79 77 79 80 81 80 80 79 80 81 82 79 73 74 70 71 71 72 74 75 74 72 73 73 72 71 71
60 60 58 61 63 64 67 72 73 70 69 70 71 68 64 62 60 61 63 65 67 70 72 70 68 67 67 68 67 67 65 65 64 67 70 69 69 69 65 67 68 69 68 71 71 75 76 81 83 83 81 78 76 75 74 73 76 78 79 83 83 83 81 81 84 83 81 79 77 78 79 82 82 79 76 75 75 75 78 83 78 75 73 72 75 74 76 78 76 74 74 73 74 73 72 72
57 56 58 62 62 62 63 68 70 69 70 72 69 65 63 62 61 63 65 66 65 68 69 67 66 66 66 67 65 63 62 63 62 64 68 68 70 72 72 72 72 72 68 72 74 74 76 79 81 81 77 75 72 73 73 71 74 78 78 83 84 83 77 77 79 78 77 75 75 75 79 82 81 77 75 75 76 76 79 82 80 79 77 77 77 77 79 79 78 76 75 74 75 76 75 72
55 55 58 60 60 61 64 67 67 66 68 68 65 62 61 61 62 63 66 67 66 64 65 64 63 64 65 66 63 61 59 60 63 65 67 74 72 69 73 75 77 76 74 73 74 75 78 79 78 78 74 71 73 72 70 72 75 81 81 83 85 80 78 75 72 73 71 71 72 75 78 77 76 75 73 73 76 78 80 81 81 81 81 82 83 80 81 81 79 77 76 76 78 79 77 74
54 54 56 57 58 57 61 62 60 63 66 65 62 60 58 59 61 62 64 62 62 61 64 62 60 62 63 63 60 59 58 58 62 66 68 66 67 68 71 71 77 79 79 79 77 78 80 80 79 77 75 71 72 71 70 72 76 82 84 84 85 78 76 74 73 72 71 72 73 76 77 75 73 71 71 75 76 77 81 82 83 83 83 86 86 85 85 84 82 80 76 77 80 82 82 80
53 53 53 55 55 54 56 57 57 63 63 60 57 58 56 57 58 59 61 60 59 60 65 63 59 59 62 61 58 58 59 60 64 67 67 65 64 71 70 70 74 76 77 76 76 78 82 84 82 78 75 72 70 68 70 73 77 83 85 88 84 80 77 76 74 68 69 72 72 74 74 73 70 69 69 72 73 75 78 83 82 80 83 86 89 88 88 87 83 81 79 80 84 84 85 85
48 50 53 55 55 52 52 55 58 59 60 61 61 58 56 56 57 57 56 58 58 62 64 62 59 57 58 56 57 57 60 63 64 66 65 62 64 66 70 71 74 75 74 73 75 76 80 83 82 80 75 74 68 68 69 71 75 80 83 85 81 81 80 76 72 68 69 70 70 70 69 68 67 70 70 72 73 76 78 79 79 77 81 83 85 85 85 85 83 81 80 82 84 85 86 85
50 55 59 59 54 51 50 52 55 55 60 65 65 62 59 55 54 55 54 57 57 60 62 59 57 56 55 55 56 57 61 63 62 63 63 62 62 63 70 71 73 73 75 73 73 75 77 79 80 79 75 73 68 67 67 69 73 76 79 77 77 75 73 73 70 69 67 65 67 67 68 66 70 74 75 77 77 76 78 79 77 78 81 82 82 85 84 83 81 79 78 82 83 84 84 82
49 51 55 56 53 49 48 50 51 53 59 63 63 64 63 58 52 51 54 55 55 59 58 56 55 55 56 55 54 57 62 62 60 61 60 61 62 65 65 68 67 68 68 69 70 74 77 77 77 74 72 69 66 65 64 67 71 75 77 75 72 71 71 70 71 68 66 65 65 65 65 65 70 76 78 77 77 75 75 77 76 76 77 79 80 81 80 81 81 79 77 79 80 82 83 82
47 48 50 50 48 46 47 48 48 52 56 58 61 62 61 58 53 52 51 51 53 54 53 52 53 52 53 55 54 54 58 58 59 58 59 58 61 62 63 65 64 64 65 70 70 72 78 80 78 76 72 68 65 63 62 67 72 76 75 72 69 68 67 66 65 65 64 64 64 65 67 67 70 72 78 79 79 79 78 77 73 75 77 80 81 79 78 81 81 78 77 78 80 82 83 84
44 44 45 45 45 45 48 49 52 53 54 55 57 58 57 56 56 53 50 49 50 49 50 50 50 51 52 53 53 53 54 57 58 57 58 57 59 61 61 62 63 65 67 70 72 74 77 81 80 78 72 68 66 64 62 65 70 73 71 69 66 67 65 66 65 65 67 65 66 68 71 72 71 74 76 80 82 81 77 73 73 74 76 78 80 79 79 80 79 77 77 77 80 82 84 84
42 42 44 43 44 49 50 55 57 57 55 55 54 53 53 54 54 52 49 48 48 49 50 50 51 52 52 52 55 54 56 56 56 56 59 55 57 58 59 61 62 65 68 71 72 75 76 77 76 77 73 68 65 62 64 67 71 69 68 67 66 66 64 63 64 64 64 65 68 68 69 73 74 79 81 78 79 75 75 73 72 73 75 77 75 75 76 80 79 77 76 75 77 80 81 82
41 42 45 46 48 50 52 57 60 59 56 53 52 51 50 50 47 47 48 47 48 49 51 51 54 55 54 53 55 57 57 58 57 58 59 60 62 63 62 62 62 65 68 71 71 71 70 70 74 75 71 66 61 62 65 68 71 70 66 63 63 63 62 61 63 64 64 65 67 69 69 72 75 79 81 78 77 73 70 69 71 72 73 73 75 74 76 79 78 75 73 74 74 77 79 81
41 43 45 49 52 53 55 57 58 60 59 54 52 49 48 47 45 44 46 47 48 49 50 52 55 54 57 54 56 58 60 61 62 59 61 60 61 64 63 64 67 68 71 72 71 70 68 67 69 71 69 65 61 62 64 69 72 68 64 62 61 60 60 62 63 63 64 66 69 73 73 74 75 77 78 78 76 71 69 69 68 70 70 71 71 73 74 77 76 75 73 74 73 79 78 82
43 44 48 51 54 57 57 57 61 60 61 57 54 51 47 46 45 45 47 48 50 50 54 55 58 60 58 57 58 63 62 64 65 66 65 64 63 66 66 68 70 70 72 74 74 71 68 67 66 67 66 65 61 61 62 64 66 63 61 59 59 60 60 62 65 66 67 71 73 74 76 77 77 77 76 74 74 73 69 67 69 68 68 70 72 73 76 78 76 76 73 71 76 81 82 76
46 45 49 52 55 55 54 57 57 58 61 59 55 52 48 46 46 45 46 47 48 52 54 56 59 62 61 60 60 62 64 66 68 68 67 66 66 68 69 69 70 73 76 76 75 76 77 71 66 64 62 62 60 61 60 60 61 59 58 59 58 60 62 64 68 67 67 71 73 74 74 76 76 76 73 72 73 71 71 71 68 67 68 69 70 74 77 77 76 75 72 72 75 78 75 77
49 50 52 53 53 54 54 55 56 59 60 57 53 50 50 46 45 46 47 48 51 55 56 57 62 64 61 61 60 62 64 66 66 64 65 66 67 66 67 69 72 76 79 78 77 81 83 76 67 63 63 61 59 59 59 58 57 56 56 57 58 59 64 65 66 66 66 69 69 70 73 76 74 73 73 72 73 74 69 65 65 68 68 71 70 73 74 75 77 73 72 76 79 81 81 78
55 54 55 54 55 52 50 52 53 55 58 59 56 49 47 45 46 46 48 47 48 53 56 58 61 65 64 62 60 60 63 63 63 61 63 65 65 64 66 68 72 75 77 77 75 78 81 72 68 64 64 63 61 59 58 55 53 56 55 57 58 59 62 63 64 64 65 68 69 71 72 76 77 74 72 69 72 73 72 66 66 67 68 71 73 73 74 73 74 74 76 83 94 90 77 76
59 59 56 54 53 50 47 49 53 55 56 58 57 51 48 44 44 46 47 47 50 53 55 58 60 62 62 61 59 60 61 60 61 60 60 62 62 62 65 67 70 73 73 74 73 74 72 71 67 66 63 64 60 58 56 56 54 56 55 56 57 60 62 62 62 62 64 67 66 69 72 74 76 74 71 67 68 68 69 68 67 66 66 66 71 70 71 72 72 72 80 85 99 78 71 74
58 60 56 52 49 47 47 48 50 51 52 55 55 51 47 45 44 43 44 45 49 51 53 55 56 58 57 57 57 57 59 58 57 59 57 59 59 61 63 68 70 70 70 71 72 70 69 68 65 64 61 60 59 57 54 55 56 55 55 57 58 60 62 62 63 64 65 66 65 67 70 72 73 73 72 69 68 68 68 67 66 66 67 68 70 69 69 70 71 71 71 68 84 73 71 73
54 56 53 51 48 44 44 45 46 49 51 55 53 51 46 44 43 41 42 46 46 50 51 51 51 53 56 54 53 55 56 55 56 57 56 57 58 62 63 67 70 68 69 72 76 74 72 71 69 66 64 60 60 57 55 53 54 55 55 57 59 60 63 64 65 68 68 69 68 69 70 72 74 74 73 70 68 66 66 65 65 64 66 69 71 70 68 67 67 67 67 67 69 70 69 72
50 49 50 50 49 44 44 45 45 46 50 54 51 50 46 42 43 42 41 43 42 45 48 51 51 52 54 53 54 56 54 54 53 56 58 57 58 63 66 67 66 66 69 72 79 78 75 76 73 65 62 60 57 56 54 54 54 55 55 58 59 61 61 64 64 67 68 69 70 73 74 74 75 75 73 71 69 65 64 63 62 64 65 68 70 68 66 66 66 66 66 67 69 69 70 73
49 47 48 45 46 43 42 46 45 45 48 53 52 49 47 45 42 42 43 42 43 45 49 48 50 51 51 52 55 53 51 53 55 56 57 59 63 65 66 69 68 68 69 70 72 72 69 71 66 63 60 57 56 55 54 54 55 56 57 58 58 59 61 61 62 65 68 69 72 75 76 74 73 73 73 71 69 66 64 63 63 64 65 67 69 68 66 64 65 65 66 68 67 68 70 73
49 47 46 42 42 41 42 42 43 46 50 55 54 50 47 45 41 42 43 42 43 45 48 49 49 51 52 52 51 50 51 53 56 62 63 62 65 67 67 68 69 69 67 67 67 66 69 66 62 59 58 56 55 55 54 54 55 56 58 58 60 60 61 62 64 66 67 70 72 73 73 73 70 70 70 71 70 68 64 63 63 63 65 66 68 67 66 64 65 65 65 68 69 69 70 71
51 47 44 41 42 41 40 39 42 46 50 54 53 48 44 40 41 41 41 42 46 49 53 55 51 49 49 49 50 50 52 53 56 61 64 63 66 69 69 67 67 66 65 64 65 66 67 65 60 57 55 53 53 54 53 53 54 55 56 60 62 63 65 66 66 69 70 71 72 70 69 71 70 69 69 70 70 69 65 64 63 64 65 68 68 65 64 63 63 64 66 69 71 71 72 72
56 49 42 42 40 40 37 40 42 44 48 52 53 45 43 40 38 40 40 42 45 49 52 53 50 49 48 48 50 50 52 54 55 59 62 61 63 65 66 66 67 64 63 61 63 63 60 61 56 55 56 53 53 53 54 51 53 55 56 59 64 66 67 67 68 69 70 68 66 65 67 69 68 65 67 68 67 66 65 65 63 63 64 67 67 65 64 62 65 66 69 70 70 72 74 75
63 52 44 42 40 40 39 40 42 41 48 49 44 42 44 40 38 40 41 42 45 47 51 50 50 45 45 48 49 49 50 53 56 57 60 61 63 65 66 65 64 63 61 61 61 59 55 57 55 53 53 51 50 51 53 51 52 54 58 59 62 64 62 63 66 69 67 67 65 64 65 66 66 65 64 63 64 64 65 63 62 61 61 62 63 63 62 63 65 66 67 69 70 73 75 74
58 48 42 41 39 37 37 39 40 43 45 44 42 40 42 40 38 40 41 42 43 45 48 50 48 46 45 47 48 50 51 53 57 58 60 62 65 66 66 65 63 62 61 60 64 63 60 56 52 52 49 49 50 50 51 50 52 54 57 57 59 60 61 63 66 68 64 62 62 61 63 66 67 65 63 62 63 64 66 62 60 59 59 60 60 61 63 63 65 67 68 70 71 72 74 74
47 44 40 37 38 35 34 37 41 44 44 40 39 39 42 39 39 40 40 41 41 43 43 47 49 46 46 46 48 50 52 53 54 56 62 68 68 69 72 66 62 62 61 63 67 66 62 57 52 50 49 48 49 50 51 51 54 54 52 56 59 61 62 64 68 66 62 61 59 61 63 66 66 64 63 61 61 63 64 63 61 59 60 59 60 60 63 64 64 68 71 72 73 73 74 73
41 39 37 37 36 36 37 41 43 43 44 40 40 39 40 42 39 42 40 39 40 42 44 44 47 45 45 47 49 51 52 53 52 60 66 67 66 67 71 68 60 58 58 60 65 64 60 56 50 49 48 49 49 51 52 52 57 58 54 58 60 63 61 64 65 63 62 61 61 61 61 64 65 65 64 60 60 61 62 62 58 58 59 59 60 60 62 64 68 70 72 74 73 74 73 71
35 35 36 35 36 38 41 44 43 40 42 41 42 40 40 43 41 43 40 40 40 43 45 43 43 44 46 46 47 50 52 54 53 59 63 64 64 64 65 64 61 58 56 58 61 62 58 53 49 49 48 49 49 51 52 53 56 58 58 61 63 63 61 63 62 61 61 59 58 60 62 64 66 63 62 59 60 59 60 59 58 58 59 59 60 62 64 67 70 71 72 71 71 71 70 69
32 35 36 37 37 38 42 42 39 38 40 40 41 42 44 43 42 40 39 41 41 42 44 47 49 48 47 45 44 47 49 53 55 57 60 62 59 60 62 60 60 60 58 57 59 58 56 52 49 49 48 50 50 50 53 54 58 59 60 61 61 61 60 59 60 59 58 57 58 60 64 65 63 61 60 59 58 58 58 58 58 59 60 61 62 63 66 69 68 69 68 67 67 67 67 67
36 38 37 38 37 39 42 41 39 40 40 40 41 46 42 40 41 41 41 40 41 44 47 46 45 48 44 43 44 49 51 54 55 57 59 60 61 61 57 57 56 55 56 57 56 54 54 52 49 49 49 49 51 52 54 55 56 57 57 60 61 60 57 55 57 57 56 55 58 61 64 65 63 59 57 57 57 56 57 58 57 57 58 60 62 64 65 64 64 64 65 65 65 65 64 64
37 36 38 38 38 37 39 40 39 38 38 40 43 43 39 40 39 39 40 41 44 43 46 46 45 44 44 46 47 47 51 56 58 58 60 60 58 56 55 53 52 52 52 53 53 53 52 51 48 50 50 49 50 51 52 54 54 56 54 57 60 57 54 55 55 57 54 54 57 62 66 65 60 58 56 56 56 56 56 58 58 58 58 60 62 61 61 62 61 62 63 63 63 64 64 65
36 37 40 40 39 39 40 38 37 38 39 40 41 40 40 37 40 41 41 48 49 46 45 46 45 44 45 44 44 46 50 57 63 60 58 54 52 50 52 52 48 47 48 48 49 48 49 49 50 51 49 50 50 48 50 51 51 51 51 53 54 53 51 51 52 55 54 53 56 58 60 58 56 57 55 55 56 56 57 59 58 58 58 60 60 59 59 60 61 60 62 63 64 63 64 66
36 37 37 36 38 37 38 38 37 38 36 38 38 38 38 39 41 45 46 47 48 46 44 46 44 44 45 42 43 46 50 55 61 58 54 51 49 48 48 48 48 46 47 48 47 47 49 50 50 50 50 49 50 50 50 50 50 48 50 51 52 51 53 51 52 52 52 52 54 55 55 54 55 54 55 55 55 57 57 58 57 57 57 59 60 58 59 60 60 61 62 63 63 64 67 68
34 36 37 37 35 35 36 37 38 36 37 37 38 38 37 42 44 47 48 45 44 45 44 45 46 46 47 44 43 45 47 51 53 52 48 48 46 46 46 46 45 46 45 46 47 47 48 47 49 51 50 49 48 47 48 49 50 50 50 50 51 53 57 54 55 55 54 53 54 55 54 55 55 56 56 55 56 59 59 58 59 59 58 60 60 62 61 63 64 64 65 66 66 67 69 70
