ViewShed-Visualize/viewshed_visualize2/raster10.asc
ncols        888
nrows        755
xllcorner    34.321249999951
yllcorner    31.467083333340
cellsize     0.000833333333
NODATA_value -32768
[rows 399 to 455 of 755, columns 480 to 575 of 888]
35 36 35 35 36 36 34 36 39 37 39 37 39 38 40 44 44 47 47 45 45 45 44 45 46 48 47 47 46 44 44 47 46 47 44 45 44 44 45 45 44 45 46 48 48 47 47 48 49 51 50 49 48 47 49 50 50 50 51 51 51 50 52 52 53 54 55 53 55 54 54 54 55 58 56 56 56 57 58 58 59 62 63 63 64 65 65 68 67 66 67 69 71 71 73 74
36 37 35 36 37 39 35 37 35 37 39 37 38 40 40 43 43 43 44 45 48 45 46 42 44 47 49 48 49 45 43 44 45 45 44 44 44 45 45 46 46 45 46 47 47 48 48 50 49 49 49 48 50 47 49 50 50 51 51 52 53 52 53 53 52 54 55 53 56 55 53 54 55 56 57 56 57 57 57 59 60 60 62 64 65 65 69 70 69 68 67 68 69 70 73 74
38 37 37 36 35 35 40 39 37 38 39 39 38 39 40 39 39 42 44 47 46 45 42 43 44 49 46 49 51 50 49 45 44 45 44 45 45 46 46 47 46 46 47 48 49 48 48 49 48 48 49 49 49 49 50 49 49 51 52 51 53 53 53 52 53 54 54 55 55 53 53 52 55 54 57 57 59 58 58 57 57 59 60 60 63 65 66 65 66 64 64 65 65 67 69 74
37 35 36 36 36 37 38 38 38 38 39 40 39 38 37 40 40 40 40 43 43 42 42 44 47 49 47 48 50 51 49 45 43 44 43 44 44 46 47 46 46 47 47 47 48 48 46 47 47 47 48 48 49 51 50 50 51 53 53 52 53 52 53 53 54 55 54 52 55 54 53 53 55 55 55 58 58 59 58 57 57 58 59 58 61 61 62 63 64 63 63 65 66 66 69 70
36 36 36 37 39 38 38 39 39 39 39 39 40 39 38 40 41 39 40 40 41 41 42 44 44 46 48 47 47 47 46 46 43 45 45 46 46 45 46 46 46 48 48 47 49 48 48 48 48 48 48 48 49 50 49 50 52 51 53 52 53 52 53 53 52 54 55 54 54 53 54 55 54 54 55 58 58 58 58 57 57 58 59 60 61 61 60 61 60 63 65 65 65 68 70 70
37 38 38 39 39 40 40 40 42 41 39 40 42 37 38 41 41 41 41 42 41 42 45 44 44 45 46 47 47 48 49 51 45 44 45 46 45 45 46 46 46 48 47 47 48 49 49 50 48 48 49 49 49 50 50 52 52 51 51 50 51 52 54 54 53 54 54 53 54 54 56 57 55 55 56 58 58 56 58 59 58 60 59 58 62 62 59 60 62 64 67 69 68 70 69 68
38 39 39 40 40 42 44 40 42 42 42 41 42 42 40 41 41 42 42 44 43 43 43 43 44 42 43 45 45 48 46 46 45 43 45 45 45 46 47 47 46 47 48 48 48 48 49 48 51 50 48 50 51 51 51 52 52 50 52 53 53 52 54 53 53 54 54 55 56 54 55 55 55 57 57 59 60 59 59 59 60 61 61 58 59 58 59 61 62 62 64 65 68 69 68 68
37 36 37 41 44 45 45 44 44 43 44 45 44 41 38 40 41 43 42 43 43 43 46 44 42 42 44 44 44 45 44 44 44 44 44 46 47 47 48 48 47 47 47 46 48 49 49 49 49 50 50 51 52 52 53 54 53 52 53 51 51 52 53 53 53 54 55 55 55 54 56 57 57 57 57 58 62 64 61 58 58 60 61 61 59 59 59 59 60 60 62 63 66 67 65 65
39 38 42 43 43 43 42 43 45 42 43 42 45 44 42 43 44 48 49 44 44 43 44 43 42 46 45 45 44 43 44 45 45 45 45 47 46 47 48 49 47 47 48 46 47 48 49 50 50 51 52 50 51 52 52 53 53 52 54 51 53 53 54 54 54 54 55 55 55 56 56 57 55 56 57 59 62 63 59 58 56 60 60 60 60 58 57 58 58 59 61 62 65 65 63 63
43 39 40 42 44 43 44 42 42 41 42 44 45 44 42 41 43 45 45 45 45 43 45 45 43 46 46 45 41 43 44 44 44 44 45 47 47 47 48 48 50 50 51 49 48 49 50 51 51 53 51 50 52 52 52 53 52 53 54 53 54 53 53 54 54 53 54 54 55 57 57 54 55 54 56 56 56 59 57 58 58 59 60 60 60 60 58 59 59 60 62 62 63 63 61 62
37 40 40 40 40 41 44 42 43 44 44 44 47 46 44 42 45 45 44 45 44 45 46 46 48 47 47 48 45 46 45 45 44 44 44 46 48 47 48 48 50 51 51 50 50 50 49 52 52 52 52 54 53 53 52 52 52 53 53 55 54 55 53 54 53 54 54 53 56 59 59 57 56 55 56 55 56 57 59 60 59 60 59 57 59 61 62 60 59 60 63 63 63 63 63 65
38 40 40 41 42 42 41 43 44 45 45 44 46 45 44 44 46 47 46 47 48 48 45 50 49 48 48 48 47 50 48 46 45 43 43 44 47 48 47 47 49 50 50 51 52 52 50 52 54 52 52 54 53 53 52 53 54 54 53 55 55 54 54 54 56 54 54 54 55 56 55 55 57 57 55 57 57 56 58 57 60 59 60 59 59 62 63 62 61 60 61 61 61 62 64 66
40 41 41 42 42 42 42 43 43 45 46 45 45 44 44 44 46 46 45 46 49 46 48 48 49 49 49 50 49 50 50 48 47 45 47 44 44 45 46 48 50 50 50 51 51 52 52 52 53 52 55 55 54 54 53 53 54 56 56 56 56 56 55 54 57 57 56 56 57 54 52 54 56 57 58 58 55 54 58 57 58 60 59 59 61 61 63 65 63 62 63 63 63 64 62 64
42 46 51 46 43 43 42 45 43 44 47 47 43 43 44 46 46 48 48 45 48 48 46 46 48 47 50 51 54 54 51 46 48 48 48 47 46 47 46 48 49 50 52 52 50 52 52 54 55 58 57 56 54 54 54 55 56 58 57 56 56 55 56 56 58 57 56 56 57 57 55 57 60 59 58 57 57 57 58 59 57 58 60 60 60 62 62 63 64 62 62 64 64 64 62 63
46 52 55 50 43 42 43 42 41 45 44 43 45 44 47 48 49 47 46 47 48 51 50 48 49 51 52 50 50 50 48 47 49 48 49 48 48 49 48 49 49 51 49 49 48 51 51 52 55 56 56 56 54 54 54 55 55 55 56 55 56 55 55 56 58 58 59 59 58 59 59 57 59 58 58 59 60 59 60 62 59 61 62 63 62 61 63 63 63 62 63 64 64 63 64 63
48 52 52 49 45 42 41 42 44 42 44 42 44 45 48 47 47 44 46 49 52 52 53 51 49 50 48 46 49 48 47 46 47 48 47 47 49 50 49 49 50 50 50 49 50 50 51 52 52 53 55 57 58 56 56 56 57 57 55 56 56 55 56 55 57 58 58 59 59 60 60 59 59 59 58 61 63 64 64 64 64 63 62 62 61 61 62 62 63 64 63 62 63 64 63 64
48 50 48 48 45 42 41 42 41 40 41 42 40 41 43 45 44 45 44 46 50 53 54 50 49 47 49 45 49 46 47 48 48 48 47 48 51 50 51 50 50 52 52 51 51 52 52 52 52 53 54 56 58 59 58 56 56 55 56 57 57 56 56 56 56 58 57 58 59 61 62 62 61 61 60 61 62 66 66 65 66 64 64 63 62 61 64 62 62 64 65 64 64 61 64 65
50 48 44 45 45 44 43 42 42 40 42 43 41 42 44 42 44 46 47 48 48 51 51 50 48 47 46 44 49 49 48 49 48 48 48 48 50 53 53 52 50 52 52 52 52 53 53 52 52 53 56 56 55 56 57 58 58 57 57 56 57 58 58 57 58 59 59 57 59 61 63 64 62 63 61 63 62 66 67 69 68 67 66 64 63 64 64 64 65 63 64 64 63 62 65 64
49 47 45 45 45 45 44 44 44 42 43 42 43 43 43 44 44 46 47 47 47 45 46 47 49 47 49 49 49 48 48 50 49 50 50 48 50 53 52 51 52 53 52 52 53 54 54 54 53 55 56 54 56 55 56 57 58 59 60 59 58 60 58 57 58 60 59 58 58 58 59 61 64 64 65 65 64 66 68 69 68 69 68 67 66 66 66 67 65 64 65 64 65 64 66 65
49 48 47 44 46 45 44 43 43 44 45 45 45 45 46 45 44 48 50 49 51 49 47 48 48 50 49 48 51 48 49 51 52 52 49 48 50 51 52 51 51 53 53 52 53 54 53 54 53 55 56 56 56 57 57 56 58 59 59 59 60 60 60 59 58 58 59 59 60 58 59 60 63 65 65 66 68 68 69 71 71 71 70 69 68 68 68 69 65 66 64 65 67 64 65 66
51 50 49 46 45 46 45 44 44 45 45 44 43 46 47 46 45 47 50 52 54 53 50 49 49 50 53 51 50 48 50 52 52 50 50 52 52 54 53 52 53 53 53 53 54 55 55 54 54 56 54 56 57 57 58 57 57 57 59 61 60 61 62 59 59 60 60 59 58 60 61 62 63 65 63 64 66 68 69 72 72 72 73 72 70 70 71 71 71 70 67 67 64 64 66 65
54 51 50 45 46 46 47 45 46 46 46 47 47 47 47 47 47 48 51 53 56 54 51 48 46 49 50 51 48 50 53 52 51 49 49 52 53 53 53 54 55 56 55 55 55 55 55 54 55 56 54 55 56 57 58 58 59 61 59 59 60 61 62 62 60 59 60 61 61 61 60 60 62 63 63 63 64 66 67 69 70 72 73 74 75 72 73 72 73 72 68 68 67 66 68 67
56 54 51 48 48 47 47 48 46 48 47 48 49 48 50 50 48 50 52 55 55 53 50 49 47 47 48 46 48 50 52 52 52 50 51 53 53 53 55 56 56 57 57 57 56 56 56 55 56 55 54 54 56 58 60 60 62 62 61 61 60 62 63 62 62 62 61 61 62 62 62 61 62 61 62 62 62 64 64 66 66 67 68 72 76 77 77 76 76 73 69 69 66 67 67 67
55 54 51 49 49 49 49 48 46 49 52 52 51 51 53 51 51 50 53 55 55 49 48 48 50 51 48 49 48 53 52 51 52 50 51 51 53 53 54 55 57 59 58 56 58 58 58 57 58 57 55 55 58 59 59 63 62 64 63 63 63 62 62 64 64 64 62 62 64 63 62 61 61 62 62 62 62 62 62 66 65 64 65 70 73 76 77 77 75 71 71 71 71 71 70 69
53 54 52 50 51 52 50 49 49 50 52 53 54 55 55 53 51 51 54 55 54 51 51 50 53 52 48 51 52 50 52 53 51 52 52 52 53 53 54 57 56 58 60 59 59 58 57 57 56 57 56 58 58 62 64 66 66 65 65 63 63 63 63 64 63 62 63 63 64 64 63 62 61 64 65 65 65 65 64 64 64 66 64 65 69 71 76 75 75 73 74 74 72 72 73 72
53 53 52 53 52 54 52 53 51 49 51 52 55 60 58 54 52 53 54 54 52 52 52 51 52 50 51 48 52 53 50 52 52 52 53 52 54 53 55 55 54 54 56 56 56 56 57 57 57 57 57 59 61 64 65 66 68 66 65 64 66 65 66 65 64 63 64 64 64 65 63 62 62 64 64 65 67 67 66 65 64 66 65 66 71 70 70 72 75 75 76 76 75 75 75 74
52 53 54 56 55 56 55 52 52 50 51 52 54 59 61 58 56 56 56 56 54 55 55 53 54 55 54 49 49 51 50 51 52 53 52 50 51 54 53 54 54 55 55 56 55 55 56 55 56 58 59 59 62 62 66 68 68 69 67 68 68 68 67 66 65 65 66 64 65 65 64 63 61 63 63 64 66 68 69 69 67 67 67 67 68 69 71 71 74 75 78 80 79 78 77 77
52 54 57 57 59 57 58 55 55 54 53 52 53 56 59 60 58 57 57 57 56 58 58 56 58 56 54 53 50 50 50 49 50 54 53 52 52 53 53 53 55 56 58 56 54 54 55 57 60 60 61 59 62 64 65 67 69 71 71 70 70 71 69 67 66 66 66 66 65 65 65 66 65 63 63 64 66 67 68 70 68 68 69 68 66 69 69 71 74 75 76 79 80 81 79 80
55 56 57 57 62 63 63 60 58 57 54 54 55 56 58 60 59 59 59 57 60 60 60 61 58 58 55 52 51 50 53 53 52 52 52 51 52 53 53 54 55 54 57 57 56 52 56 58 59 60 59 61 63 63 65 67 68 70 71 71 70 70 69 68 67 66 66 65 65 64 64 67 66 66 66 66 65 66 68 70 70 71 69 66 67 69 68 69 72 73 74 76 79 82 81 81
56 58 59 60 61 65 67 64 61 57 56 57 57 57 60 61 60 62 61 60 60 62 63 60 60 59 57 56 53 53 53 53 55 54 54 54 54 54 53 54 54 54 56 57 57 55 56 59 60 61 60 61 59 61 65 66 67 67 69 72 73 71 70 67 66 66 67 66 65 65 66 66 67 68 67 67 67 67 67 69 70 71 72 68 68 70 70 70 71 71 74 75 77 80 81 82
55 57 60 61 62 65 68 66 61 58 57 59 61 60 62 61 61 61 63 62 62 61 60 61 61 61 60 56 54 53 52 53 55 54 54 55 55 55 55 56 55 55 56 56 58 58 57 59 58 59 60 60 59 61 63 64 67 67 68 71 74 73 70 68 67 67 67 67 68 67 66 67 68 67 68 69 70 70 68 67 68 69 71 71 72 72 72 72 72 72 74 75 76 79 82 83
57 60 63 62 62 64 67 66 63 60 60 62 64 64 63 64 63 65 64 63 61 62 60 59 62 61 59 58 54 54 52 54 57 55 56 57 57 56 57 58 57 56 55 55 57 58 58 59 58 61 62 60 58 61 63 63 66 67 68 70 72 73 74 71 70 68 68 67 68 67 67 67 68 67 70 71 71 71 70 69 68 69 69 72 74 74 75 73 73 72 72 74 75 78 80 82
56 56 59 59 62 64 63 62 62 63 66 66 67 63 66 67 66 66 64 66 65 66 63 62 61 61 59 59 55 55 55 56 58 56 55 56 56 55 57 57 58 58 56 56 57 58 56 58 60 59 60 60 60 61 62 63 64 66 67 69 72 73 75 74 73 72 69 68 68 67 68 67 68 69 70 72 72 73 72 71 71 70 69 71 74 77 76 76 73 72 72 73 75 77 78 79
55 57 59 60 60 61 61 62 63 65 66 69 70 66 67 69 67 65 63 67 68 65 66 64 60 58 57 57 55 57 58 59 59 58 57 57 58 57 58 58 58 56 56 56 58 60 56 57 59 59 60 61 61 63 62 62 63 65 66 67 70 72 74 75 75 74 71 69 68 68 68 69 69 70 70 71 73 74 74 74 72 71 70 70 72 76 77 78 75 74 73 74 74 76 78 79
56 56 57 57 58 59 61 64 66 67 69 70 72 72 70 70 67 66 63 63 65 65 65 64 61 61 59 58 56 58 58 58 59 59 59 57 58 57 58 59 58 57 58 57 58 59 59 58 60 61 64 63 64 63 63 63 63 64 65 67 70 71 72 73 76 76 74 70 70 69 69 68 70 71 71 72 74 75 76 76 75 74 72 71 72 75 78 78 78 76 73 73 74 76 77 78
54 56 56 55 57 58 61 64 67 68 71 71 71 72 71 69 66 67 66 64 64 67 67 65 64 62 60 58 56 57 57 60 62 61 59 56 58 58 58 57 58 59 59 57 57 58 58 59 58 62 62 63 63 64 65 63 64 65 66 67 67 68 69 71 74 77 76 73 71 70 69 69 69 70 70 73 77 76 79 78 76 76 74 72 71 73 76 78 78 77 74 73 74 75 76 78
53 53 54 54 57 58 61 63 63 65 68 69 69 70 69 69 68 70 68 67 67 70 70 68 67 63 61 58 56 56 58 61 63 63 63 59 59 59 57 59 60 62 64 59 59 59 59 59 61 61 61 63 64 64 66 65 63 63 65 65 66 67 68 71 72 74 75 74 73 71 70 70 70 72 73 73 75 77 80 80 78 78 76 74 72 73 75 77 79 79 78 77 76 75 76 78
51 52 54 54 57 57 62 61 61 64 68 68 67 68 69 70 72 72 69 71 72 72 74 70 66 65 61 60 58 58 61 61 63 65 64 60 60 59 58 58 59 62 63 62 61 58 61 62 62 62 63 63 63 64 64 65 65 64 65 65 66 68 69 68 70 71 72 74 72 71 70 69 70 72 74 74 76 78 80 82 79 78 76 74 73 74 74 76 79 81 79 79 76 77 76 76
50 51 53 54 55 55 59 61 62 66 67 66 65 67 70 71 73 74 74 73 71 72 71 72 66 63 63 61 60 61 63 64 64 62 61 61 62 61 59 59 60 62 61 61 63 61 60 60 62 62 63 62 63 63 63 65 66 66 66 66 66 67 68 69 69 70 70 72 70 70 70 70 72 72 72 74 76 78 80 83 82 78 77 76 75 75 75 75 78 81 82 81 80 78 77 76
51 52 52 53 53 55 57 61 64 68 69 67 65 67 69 72 71 75 80 75 72 72 71 69 65 63 64 62 61 65 66 68 66 66 64 64 62 62 62 59 61 63 63 63 65 62 62 63 62 62 62 62 63 63 63 65 65 68 68 67 67 68 68 69 68 69 69 71 70 70 71 71 72 73 73 74 77 78 81 82 82 81 78 77 78 78 76 76 77 80 84 83 82 80 78 78
50 52 50 52 57 56 56 58 62 66 66 65 64 65 66 70 70 74 78 73 72 70 68 68 66 64 63 64 66 70 70 69 68 69 65 66 64 61 60 62 63 63 62 63 61 62 62 63 62 63 63 63 64 63 63 63 64 66 67 68 66 67 67 68 69 69 69 70 71 71 72 72 72 74 74 74 77 78 81 83 84 83 80 80 80 78 77 78 79 80 83 83 82 81 80 80
52 52 54 55 56 56 57 58 61 64 65 65 65 65 66 67 69 69 69 71 70 69 67 68 70 70 70 67 67 69 68 67 68 67 65 64 63 62 62 62 65 66 66 64 64 62 61 62 62 62 62 63 64 64 65 66 65 67 68 69 69 68 68 69 69 69 69 70 70 71 72 72 73 74 75 75 76 77 79 82 84 87 85 82 81 79 78 78 77 79 83 84 84 83 81 80
55 53 54 57 57 58 59 59 64 66 66 65 65 66 66 66 65 65 66 67 68 68 67 70 70 71 72 72 71 69 71 71 69 70 65 62 63 65 66 64 65 64 67 64 66 63 61 62 62 65 62 61 62 63 64 66 64 65 67 67 69 69 68 68 69 70 71 72 71 72 72 72 73 75 75 75 76 78 79 82 85 87 86 83 81 81 79 79 78 80 81 84 86 85 83 84
55 56 57 59 60 61 63 65 66 65 62 63 65 64 64 64 63 64 64 65 67 66 70 71 70 72 74 73 73 71 72 69 67 67 62 63 63 63 66 68 67 66 63 63 64 62 62 61 62 63 64 63 63 66 65 66 66 66 66 67 69 68 68 69 70 71 71 72 72 72 72 72 73 74 75 77 75 77 81 83 83 86 88 86 84 83 81 80 80 82 82 84 84 85 85 85
58 58 58 60 62 63 65 66 65 62 59 61 63 63 65 64 62 63 63 64 65 64 65 67 72 73 75 75 74 72 70 68 69 66 67 67 69 65 65 63 66 65 64 65 62 64 63 61 62 63 63 64 62 63 63 64 65 67 68 68 68 70 71 70 70 70 71 73 73 74 73 72 73 75 74 75 76 78 78 80 82 85 86 87 87 84 81 80 80 81 83 86 88 90 89 86
56 57 58 58 60 62 63 64 64 63 60 58 60 62 64 65 62 61 61 61 62 63 63 65 68 72 76 78 78 76 70 69 68 68 69 70 69 68 66 65 65 62 65 69 65 62 63 62 61 63 65 63 64 63 65 63 63 63 64 66 67 70 71 71 71 71 71 73 72 73 74 75 75 74 75 75 75 77 79 79 79 82 84 85 86 87 83 81 81 82 84 88 91 93 90 90
54 55 57 57 58 61 63 65 63 64 62 61 62 61 64 63 62 59 60 62 61 62 64 65 69 71 76 80 77 72 70 69 69 72 75 74 70 68 66 66 66 65 64 66 66 67 66 66 66 64 66 64 65 63 67 66 64 65 65 64 64 66 69 68 70 70 69 71 70 70 72 74 75 74 75 75 77 79 80 81 79 79 82 85 86 87 87 83 81 81 84 87 91 94 93 91
53 54 56 58 61 62 63 65 63 62 59 58 59 61 62 61 60 59 61 60 63 65 67 69 70 72 72 74 74 71 70 72 72 74 75 73 72 69 68 63 64 65 66 66 67 69 67 69 66 66 66 67 66 67 68 67 67 67 69 68 67 66 67 68 68 70 70 72 71 71 72 71 73 73 74 76 77 77 78 78 78 80 82 82 83 87 88 86 83 83 84 87 91 93 95 93
53 54 56 58 60 63 65 64 63 61 59 58 58 58 60 59 58 59 60 60 64 67 68 70 70 70 70 70 70 68 69 71 73 76 75 73 70 68 68 66 65 68 68 66 66 68 68 69 67 66 67 69 68 67 67 69 67 68 69 70 70 68 68 68 69 68 71 74 73 75 76 75 76 76 75 75 75 77 79 78 79 79 80 81 83 85 86 87 86 85 87 88 90 92 97 98
53 55 56 57 58 60 61 60 62 61 57 57 58 59 58 56 58 59 60 62 64 69 72 72 71 69 68 68 67 70 70 72 74 75 75 74 71 68 67 67 67 70 70 69 68 67 69 71 70 69 68 70 70 68 68 68 67 70 72 70 72 69 70 69 68 68 67 70 73 73 77 78 79 78 79 78 76 75 76 77 77 77 79 80 82 81 84 86 85 87 90 91 93 94 98 99
51 53 55 55 58 58 58 60 61 61 59 58 56 58 57 56 57 58 60 63 66 71 74 72 70 69 68 66 67 69 69 70 72 75 74 73 70 68 67 68 71 77 72 71 68 68 70 70 70 72 72 71 72 72 70 69 69 70 69 70 72 71 70 69 68 71 67 67 72 72 75 78 79 79 80 80 79 78 77 77 78 78 78 79 80 80 82 81 83 86 88 91 92 93 94 93
52 53 54 55 58 57 57 58 60 60 60 57 55 56 56 57 59 59 60 60 68 73 72 72 68 67 66 65 66 67 71 70 72 76 74 73 71 67 68 70 73 76 75 73 72 70 68 71 72 73 74 73 72 72 73 70 69 71 70 69 71 72 72 69 67 69 70 68 71 74 75 77 81 80 80 79 79 78 79 79 78 79 81 82 83 83 83 83 83 82 83 85 87 89 90 89
55 56 55 57 57 55 56 56 58 59 59 56 55 54 56 57 59 61 63 63 68 68 71 71 69 67 65 60 58 64 66 68 70 74 74 71 69 68 69 69 73 75 76 76 74 75 72 75 74 74 74 77 74 72 72 68 69 72 73 71 71 74 74 68 67 68 71 71 72 71 73 76 78 79 80 80 79 78 77 78 81 81 82 82 83 84 84 85 84 83 83 84 85 86 87 88
58 58 57 56 58 58 57 54 56 59 58 56 54 55 56 57 60 60 61 62 66 67 68 68 65 62 61 57 52 59 49 53 67 71 72 73 71 70 70 70 73 74 75 76 76 73 73 75 75 78 79 80 77 75 73 69 69 70 72 76 82 80 80 78 72 70 72 74 75 73 70 71 73 75 79 81 79 80 79 80 81 82 82 83 83 84 84 85 84 85 85 86 87 86 85 87
60 60 59 59 58 57 57 55 55 58 57 56 54 56 56 58 60 59 61 62 63 64 66 65 63 62 60 60 61 62 61 61 65 75 74 73 73 73 74 74 73 72 74 77 77 76 76 75 75 78 81 80 76 74 73 71 69 73 76 81 87 91 86 79 78 70 71 74 75 72 73 73 75 74 75 79 80 80 80 81 81 81 81 82 83 84 83 84 84 84 85 87 88 87 88 89
58 59 61 60 58 57 57 54 54 55 55 55 55 56 57 58 59 60 60 61 62 62 62 60 60 61 58 61 62 59 62 64 67 69 73 73 72 74 75 75 73 73 77 78 79 80 77 77 80 83 83 80 76 75 73 73 75 79 76 79 79 79 79 79 80 74 71 74 73 73 74 73 76 74 74 75 76 77 78 80 80 80 80 80 81 82 82 82 82 83 85 86 87 88 90 91
58 58 61 59 58 58 54 54 54 53 54 54 55 58 58 57 57 60 61 61 61 61 59 57 58 60 60 59 60 60 62 64 66 68 70 68 69 72 76 76 75 77 81 83 83 82 77 80 82 83 82 80 76 76 74 74 78 77 74 83 79 78 80 87 80 77 72 70 72 73 75 75 77 76 76 76 76 78 80 80 79 80 82 81 81 81 82 83 83 84 84 86 88 89 90 90
