ViewShed-Visualize/viewshed_visualize2/raster11.asc
ncols        903
nrows        755
xllcorner    35.397083333284
yllcorner    32.958750000006
cellsize     0.000833333333
NODATA_value -32768
[rows 240 to 279 of 755, columns 0 to 90 of 903]
376 376 377 378 376 378 372 363 356 357 358 353 348 349 354 363 369 367 362 352 341 337 355 358 364 371 358 356 374 381 378 372 368 370 366 364 362 364 368 376 386 395 398 397 396 392 389 389 393 398 394 392 378 361 354 353 354 361 368 374 389 404 408 413 418 418 417 418 423 429 435 447 455 470 479 483 483 484 484 489 497 501 504 512 509 501 491 490 484 471 449
373 376 375 376 374 369 364 354 347 342 343 343 338 340 344 349 357 356 353 345 333 333 349 350 356 352 348 363 374 376 369 363 357 358 357 357 362 366 370 375 389 403 412 417 416 408 399 394 396 398 389 382 376 365 360 356 352 356 363 372 391 404 419 430 435 443 441 439 438 439 444 454 464 470 477 480 481 484 483 486 488 492 498 509 514 507 499 493 485 468 446
371 372 369 368 362 358 350 344 335 330 331 331 328 333 334 333 338 339 338 334 329 329 337 342 340 336 349 359 363 366 362 356 352 348 352 358 368 375 377 381 392 408 417 422 419 415 410 399 397 401 396 386 378 372 366 360 357 355 360 369 390 404 419 439 448 455 460 461 456 451 453 449 451 459 470 476 476 476 475 474 471 472 478 489 497 496 491 487 483 478 461
366 363 358 354 349 345 339 335 327 322 322 322 322 326 326 325 328 328 328 321 318 320 328 329 331 334 344 349 354 361 359 348 348 348 350 357 365 378 387 392 399 411 415 415 413 414 413 405 404 410 412 398 385 378 374 370 365 357 361 367 378 397 421 438 441 444 458 463 459 456 445 436 436 445 460 468 466 461 462 463 455 450 460 475 482 482 477 474 479 484 484
361 359 354 346 339 334 332 324 321 317 314 311 310 316 315 316 315 314 316 312 312 318 321 322 324 328 329 333 341 345 345 340 350 358 363 362 365 371 380 393 400 404 402 403 405 412 411 407 410 416 416 404 395 387 386 379 371 364 362 363 373 395 415 428 427 432 443 443 442 442 431 421 424 435 450 457 453 445 444 445 438 436 449 468 476 472 459 456 464 476 488
349 344 341 335 328 324 319 317 312 312 305 304 303 307 306 306 305 307 304 308 314 319 320 320 323 327 326 328 329 333 335 340 354 367 377 370 364 368 375 385 393 392 392 393 406 418 417 412 412 414 414 414 406 399 395 386 376 368 365 364 369 388 401 412 412 423 432 427 424 424 414 416 429 442 454 455 446 436 426 424 422 429 443 459 466 459 448 441 450 466 487
335 328 322 319 315 313 308 306 302 302 300 300 299 300 299 302 304 305 312 322 330 336 332 328 335 344 344 337 334 337 344 348 353 365 369 371 368 369 373 382 386 385 385 390 396 407 411 406 405 409 409 410 411 402 400 392 382 372 368 365 366 376 389 400 399 409 415 407 404 403 409 427 448 461 461 458 454 440 424 416 413 425 436 442 445 441 431 432 443 463 481
316 312 309 304 302 299 298 297 293 294 293 297 298 300 301 299 304 310 319 330 339 348 349 345 349 356 356 345 340 346 359 361 365 367 372 376 373 371 375 379 381 378 379 381 383 385 390 391 393 398 404 409 412 411 411 407 390 377 372 368 365 366 374 383 389 395 398 391 394 405 418 434 452 459 453 453 452 439 422 409 407 413 419 423 422 424 428 437 448 466 483
295 294 293 292 291 292 291 291 291 291 294 298 302 303 305 305 311 314 323 337 346 354 358 357 361 364 359 349 344 358 368 371 373 370 373 375 374 378 381 381 378 371 366 365 367 375 385 386 392 397 404 410 418 423 420 405 390 381 377 372 370 367 371 375 375 378 381 383 390 404 414 424 431 436 432 434 430 423 412 403 401 404 410 413 417 425 436 443 457 473 483
285 286 288 287 286 288 289 290 291 296 299 304 310 313 314 310 313 315 323 337 351 354 358 367 365 359 351 346 353 363 372 385 382 376 373 374 377 382 389 388 380 372 358 353 368 380 381 390 399 402 405 408 422 431 431 410 397 388 390 391 384 377 372 371 372 374 374 378 383 388 395 402 405 407 408 409 411 409 401 395 395 400 412 420 426 438 450 452 459 472 471
282 283 287 285 286 290 292 293 295 303 303 309 314 321 318 316 315 320 323 334 345 351 350 357 361 358 341 334 350 360 371 377 373 368 367 371 373 376 387 389 384 372 352 343 355 362 371 393 400 403 402 402 411 423 426 412 402 403 411 414 408 394 383 376 374 374 375 376 378 378 381 382 384 386 387 392 393 392 391 394 396 397 412 421 425 427 433 440 449 459 459
285 287 289 289 295 296 294 299 301 307 312 313 320 329 323 319 323 326 327 329 334 341 343 347 356 353 334 322 331 348 357 360 353 349 363 367 363 364 374 379 374 364 348 334 339 346 357 374 389 391 389 391 398 404 411 406 406 420 431 428 424 415 403 390 385 382 381 380 380 379 378 377 378 381 380 383 383 385 385 389 392 394 401 406 410 408 409 420 432 441 442
286 289 290 289 293 296 296 300 302 306 310 311 314 318 322 323 325 327 323 319 324 325 329 340 343 332 320 315 329 342 352 352 343 341 358 364 357 352 353 357 353 343 331 330 339 346 346 353 367 373 374 380 389 395 397 399 407 418 433 438 443 442 425 411 395 386 389 393 397 398 397 390 384 383 382 382 384 387 386 390 388 389 392 392 392 397 399 404 411 417 420
286 288 293 292 293 295 294 298 299 302 307 309 313 317 321 321 323 316 310 313 322 320 315 319 319 314 304 316 330 347 355 356 349 334 343 352 343 334 334 335 333 328 334 349 363 365 356 345 352 356 361 367 375 382 385 394 403 416 434 447 458 454 435 416 401 396 406 417 424 424 418 405 394 389 388 389 399 410 404 403 391 390 392 395 392 390 392 395 398 401 401
292 291 292 293 292 293 293 294 295 298 304 309 313 313 313 315 312 308 297 303 312 312 301 298 298 293 293 307 325 338 350 355 350 328 322 326 322 316 315 317 316 324 341 362 375 381 373 361 353 351 367 382 380 381 388 399 411 425 439 462 469 458 438 417 405 406 426 446 452 451 437 419 401 394 392 394 412 434 434 420 404 401 398 402 397 392 391 392 393 395 392
300 296 291 286 288 287 289 287 290 290 296 303 310 305 300 302 299 295 284 286 296 294 290 285 286 287 297 317 332 339 339 344 350 338 311 303 304 305 315 326 328 333 342 358 373 384 383 373 364 359 375 390 396 397 400 410 426 446 459 473 475 465 446 423 411 419 437 456 466 462 447 431 410 400 393 396 411 431 442 439 430 422 415 410 407 405 402 399 395 396 395
298 293 289 283 283 280 283 283 281 278 282 288 290 284 281 285 280 274 270 272 278 281 281 280 280 288 306 324 334 335 323 329 332 327 310 297 301 305 319 342 356 355 355 360 376 391 393 386 379 366 372 385 393 400 405 420 440 455 468 481 483 473 457 431 413 420 434 449 461 464 453 434 419 408 400 397 402 416 431 442 446 449 444 434 435 435 425 416 407 405 410
298 293 286 278 274 273 276 276 272 264 262 265 267 260 259 261 261 260 261 264 267 270 272 272 277 283 296 308 321 317 306 309 302 285 291 304 314 323 319 330 356 370 369 362 368 377 383 388 385 372 371 378 385 394 402 412 425 446 463 481 487 474 456 433 419 422 429 438 449 461 459 443 434 430 424 410 401 406 419 441 452 459 466 464 461 461 447 438 430 423 430
293 286 276 272 263 260 263 263 256 251 249 252 251 251 250 254 254 255 256 260 263 263 263 264 270 276 278 286 289 288 287 291 289 286 300 323 340 351 344 328 329 343 349 345 356 368 379 385 386 381 378 379 386 396 406 418 424 435 452 473 481 478 461 436 431 445 450 455 462 472 475 471 465 460 451 428 408 404 414 440 452 460 475 482 485 485 482 471 459 448 455
288 282 272 261 252 250 250 248 246 246 242 245 248 249 247 252 253 255 255 257 261 262 264 264 267 269 272 274 274 279 281 288 290 301 312 330 347 361 364 358 341 332 329 334 353 369 380 384 391 394 391 385 392 404 415 434 452 456 467 477 485 482 471 447 444 468 477 485 490 494 495 494 490 477 460 437 418 409 411 424 437 451 468 484 494 504 502 499 491 476 484
273 269 259 250 245 243 242 239 238 240 242 242 245 246 247 252 255 258 259 261 262 263 263 265 267 269 274 275 276 279 290 298 306 311 315 332 350 367 375 374 367 361 349 335 346 368 382 389 396 400 400 395 396 409 422 440 464 478 485 486 488 482 470 456 455 473 488 503 510 516 513 512 503 486 461 436 422 414 412 418 425 437 455 475 490 506 514 519 517 513 515
257 252 246 241 239 236 237 239 239 240 241 243 243 249 251 253 260 260 265 268 271 274 281 280 280 279 284 282 284 290 305 323 334 340 334 336 350 366 381 388 391 378 368 344 341 355 379 391 395 403 405 404 407 414 431 445 464 480 488 485 483 480 476 470 467 476 495 516 526 528 527 520 503 482 454 435 429 430 423 419 423 428 443 464 486 500 516 527 527 524 525
239 240 235 235 236 233 233 235 241 242 240 241 248 254 256 261 267 270 276 278 287 302 306 303 297 298 302 296 288 297 313 335 352 361 365 359 364 369 381 388 387 378 369 359 357 350 370 389 395 399 407 414 418 424 438 449 463 475 478 472 471 479 485 489 491 492 503 523 535 540 533 522 505 484 460 443 452 457 445 430 424 427 436 452 473 494 514 527 526 525 521
229 234 231 232 236 235 239 239 242 245 242 248 256 258 267 278 285 293 297 292 299 321 329 325 318 319 319 305 294 298 312 337 350 363 370 369 374 375 375 377 376 380 374 374 378 368 358 373 385 393 404 407 412 419 431 442 450 445 444 450 468 484 493 499 505 510 520 533 539 546 538 522 507 489 467 459 471 480 465 440 427 434 442 446 463 489 506 514 519 519 513
227 237 243 243 239 237 239 242 243 249 254 259 260 262 275 288 299 315 322 312 311 324 339 351 350 344 333 318 315 307 310 335 351 358 359 364 367 372 369 369 372 378 382 386 386 374 355 360 369 376 387 390 395 401 408 415 413 417 434 459 488 503 501 502 506 516 527 534 537 538 530 519 508 491 476 473 477 476 463 439 432 455 467 461 465 482 494 504 509 510 510
254 255 259 256 244 240 240 242 246 254 263 269 268 264 275 289 303 320 325 316 318 327 339 357 362 353 333 332 336 324 312 331 343 345 347 356 361 364 362 364 367 375 388 394 391 376 365 362 364 367 367 370 372 379 386 388 397 416 441 462 481 497 498 492 501 510 519 523 519 520 519 514 506 495 485 481 479 471 455 436 436 456 469 469 466 474 481 493 502 507 511
261 262 252 246 241 244 254 259 254 259 272 282 285 276 274 283 296 305 306 308 314 325 338 354 360 351 338 343 348 336 315 318 325 330 340 345 353 356 356 361 365 369 377 386 389 387 380 386 389 386 380 385 397 396 390 384 387 403 427 443 455 472 476 470 483 494 504 506 498 495 502 500 499 493 483 476 470 460 447 436 435 446 457 461 464 466 473 487 500 507 514
261 257 247 241 245 252 258 262 259 264 274 289 295 291 283 279 287 295 302 310 315 321 329 344 349 349 345 350 352 335 322 326 334 337 335 335 340 347 354 362 374 379 378 385 394 402 404 414 418 410 402 415 431 426 418 404 390 394 410 424 434 446 447 444 457 465 473 480 477 470 481 489 484 481 475 467 456 449 442 439 437 440 446 450 454 460 474 489 503 511 519
256 251 247 248 249 252 259 267 272 275 287 296 299 297 291 286 292 306 315 330 332 327 330 339 346 354 359 356 348 335 338 348 356 358 358 353 344 345 353 359 374 387 391 395 404 414 421 422 429 429 423 434 448 446 438 423 406 395 396 405 411 417 420 421 427 434 439 446 448 447 460 473 474 473 471 467 460 455 454 451 448 446 449 456 464 472 481 490 505 509 513
257 255 253 254 258 262 270 280 289 295 304 313 315 311 308 296 303 315 330 341 344 342 343 354 356 354 354 349 342 340 350 367 372 374 375 372 365 355 354 357 365 378 393 399 407 412 414 416 427 436 442 453 464 468 462 455 440 418 406 404 402 406 410 410 410 418 420 422 427 431 439 449 456 464 470 470 473 476 479 470 460 455 456 467 479 487 494 499 501 505 507
260 270 266 269 275 278 276 281 291 301 307 317 321 327 324 311 309 319 332 343 353 359 362 360 358 353 348 346 344 346 357 372 381 385 386 384 382 375 375 368 366 368 379 391 395 396 398 405 414 424 437 457 469 481 481 470 452 434 430 423 420 436 443 445 442 440 436 430 425 425 430 435 444 465 475 483 485 491 492 487 478 471 472 481 492 499 502 500 500 500 498
257 271 276 279 284 282 276 277 285 289 296 302 302 309 315 314 315 325 337 348 359 366 369 362 352 347 344 340 343 348 355 368 379 379 379 383 385 388 393 393 387 377 375 378 382 383 389 396 408 419 437 456 472 490 497 488 473 464 455 442 443 468 481 483 475 476 471 456 441 446 446 440 441 458 470 482 488 493 496 497 494 489 492 492 499 502 502 499 496 492 488
246 258 266 278 288 278 271 269 272 275 283 287 290 294 301 304 316 325 339 345 358 368 370 361 347 343 339 336 338 342 347 354 359 363 364 371 379 387 403 408 406 402 393 384 381 384 394 405 413 421 440 460 479 498 508 508 497 490 482 469 461 476 492 498 498 504 493 476 463 465 466 453 444 450 461 473 481 486 491 496 497 495 497 498 499 502 502 497 493 486 480
240 245 254 269 277 274 265 263 272 281 290 296 297 302 306 310 315 327 332 336 347 357 365 353 342 337 334 333 330 332 338 339 342 346 351 356 365 376 385 394 405 412 414 408 395 391 400 411 418 428 442 462 481 499 514 522 523 520 510 497 488 484 493 500 507 510 500 489 479 477 474 464 454 451 454 462 463 471 477 483 485 488 491 495 497 499 497 491 487 479 474
242 242 243 254 265 263 258 263 282 298 302 314 325 328 325 325 332 337 334 331 334 343 348 342 332 326 324 323 326 328 334 338 349 361 355 351 354 362 372 381 392 410 418 422 414 403 404 410 422 436 453 468 486 502 518 525 527 526 520 513 504 503 503 505 510 514 509 504 502 499 486 474 466 468 471 471 470 470 472 475 477 480 485 494 503 500 493 486 478 469 475
262 255 244 247 252 259 261 267 281 292 307 323 335 338 335 339 346 340 328 324 319 323 328 328 322 325 333 341 343 337 339 348 359 370 376 378 370 360 362 370 387 407 417 421 421 418 422 422 428 442 460 479 497 507 513 518 522 522 518 513 508 508 505 504 507 512 511 511 512 511 497 491 486 493 499 496 490 487 482 479 480 483 487 493 502 500 494 488 479 467 472
274 263 251 248 259 273 276 278 290 298 314 326 330 330 327 332 339 334 320 310 306 309 316 320 325 337 353 362 361 351 347 353 360 372 383 387 378 369 362 366 377 397 404 405 409 417 426 431 438 450 465 481 496 501 507 511 518 518 515 505 501 503 506 506 502 502 504 509 514 513 509 505 506 512 518 516 512 514 502 492 491 489 489 496 498 497 500 496 484 469 463
284 271 257 250 258 271 278 289 298 297 301 307 310 310 310 312 318 314 303 306 320 323 324 337 351 359 367 373 366 353 356 368 376 381 384 394 391 388 381 376 371 377 381 386 392 404 418 430 448 461 479 487 491 488 497 504 510 511 508 497 490 497 507 507 500 489 492 501 512 513 511 513 515 517 522 525 527 531 516 505 500 494 494 496 496 497 499 498 490 477 465
293 277 267 259 255 259 266 278 282 278 278 281 286 289 290 291 294 297 305 329 347 343 344 365 382 385 381 381 365 357 371 386 393 401 396 399 404 404 399 390 380 375 378 378 383 392 408 425 449 468 479 478 473 475 490 502 499 496 494 487 477 485 501 507 503 486 478 489 502 504 503 505 507 510 515 520 528 530 522 512 500 493 493 494 493 491 492 493 487 480 469
311 300 288 273 267 264 262 262 265 266 273 282 289 294 294 291 302 313 336 352 365 365 353 371 385 387 383 378 363 362 377 389 399 403 407 409 418 417 411 402 393 394 397 391 385 387 406 426 449 464 461 457 459 476 493 496 487 479 478 476 466 470 492 501 498 483 469 477 482 489 492 492 497 504 513 520 527 533 527 514 502 491 486 486 487 486 486 482 478 473 461
