ViewShed-Visualize/viewshed_visualize2/raster10.asc
ncols        888
nrows        755
xllcorner    34.321249999951
yllcorner    31.467083333340
cellsize     0.000833333333
NODATA_value -32768
[rows 342 to 398 of 755, columns 384 to 479 of 888]
28 31 31 37 39 40 34 31 28 28 26 23 20 19 19 19 16 15 15 16 16 17 19 21 20 21 22 25 23 22 21 19 17 15 16 16 15 14 13 12 13 17 17 19 23 25 24 23 24 17 16 22 24 28 27 27 31 32 34 37 41 40 39 38 37 37 36 39 37 34 36 38 38 37 38 38 38 39 38 39 40 39 40 39 43 44 44 46 46 48 47 47 51 51 52 52
26 28 32 38 40 38 35 30 25 24 23 23 22 23 19 17 15 13 15 16 19 15 18 20 19 21 24 25 24 24 23 22 20 18 14 13 12 13 17 13 14 16 19 16 20 22 24 24 24 23 22 24 26 29 32 31 34 35 38 40 41 41 40 39 37 37 38 37 36 36 36 38 38 37 37 37 38 38 38 38 39 40 38 39 41 41 44 45 47 47 44 46 49 50 51 53
22 29 33 38 38 37 36 34 31 24 24 23 21 21 21 22 20 15 15 14 15 14 17 19 19 21 23 26 24 23 22 21 22 19 12 13 16 14 14 13 11 14 18 19 21 22 23 25 26 24 22 24 27 29 30 33 35 40 41 42 41 41 42 39 37 37 40 36 35 36 37 37 38 37 39 37 37 39 37 39 40 40 40 39 37 36 42 42 45 44 44 43 46 47 50 51
26 35 38 40 38 39 36 33 30 26 23 20 22 20 22 22 21 23 21 20 16 17 15 18 20 20 23 24 23 22 21 21 20 19 15 13 15 13 13 12 12 15 18 21 23 25 26 29 28 26 21 21 26 28 31 31 35 40 40 40 41 41 41 38 35 37 38 38 36 35 37 39 38 37 38 39 39 40 39 39 39 39 40 41 39 39 41 41 41 41 42 42 44 46 48 49
26 35 40 41 41 39 35 31 29 24 22 20 21 23 21 18 20 20 23 21 16 16 18 19 21 23 25 22 21 22 20 21 20 17 15 15 17 15 14 13 11 17 21 22 27 29 30 30 28 28 27 29 31 32 32 35 34 34 37 37 40 41 41 39 37 38 39 40 40 37 38 40 40 40 39 39 40 37 38 40 40 41 41 40 40 41 40 41 42 42 41 44 43 44 43 44
28 33 38 43 41 36 33 31 25 24 21 25 26 22 20 19 19 20 22 21 18 21 19 21 23 24 24 22 20 20 21 19 18 20 16 15 14 15 14 13 16 20 23 26 29 31 32 28 29 31 33 35 33 37 39 38 37 35 38 40 43 42 40 41 39 38 37 39 40 39 41 42 42 45 44 41 41 40 39 40 41 41 42 41 41 42 41 42 41 41 41 43 43 42 42 42
25 32 36 40 38 39 35 30 25 24 23 20 21 18 18 20 20 20 21 21 18 21 22 22 25 26 29 26 23 20 20 18 20 21 19 17 17 17 14 17 17 21 24 27 29 31 33 33 32 29 31 36 39 44 45 43 40 39 41 42 40 42 41 39 39 37 39 41 41 41 43 44 44 43 43 41 40 40 38 40 42 44 45 45 42 43 44 44 43 43 42 42 43 42 41 43
33 37 37 37 36 35 34 27 24 24 22 20 22 22 21 20 22 22 23 22 21 21 22 25 28 28 30 28 25 23 20 22 20 21 19 17 16 16 16 19 21 22 23 25 28 28 31 38 35 31 32 34 38 41 43 46 46 46 44 42 40 41 39 38 40 39 42 44 44 44 46 44 43 41 41 40 40 38 38 40 41 44 45 46 45 45 46 45 44 43 43 43 42 42 41 44
39 43 43 40 36 34 28 25 25 23 21 20 21 23 20 19 21 22 22 22 21 23 23 25 26 26 25 25 25 23 22 20 19 17 18 17 16 15 17 20 22 22 24 26 32 31 30 36 32 33 34 36 35 37 40 44 45 46 45 43 40 41 38 38 39 41 43 45 45 48 47 46 44 42 42 41 39 39 38 40 42 43 44 47 47 46 45 45 43 44 46 44 42 43 43 43
44 45 48 44 40 36 31 28 27 25 21 21 23 20 20 22 21 18 18 20 22 23 23 25 25 26 28 26 25 24 23 21 20 17 16 18 19 14 16 21 22 21 23 25 30 30 29 31 30 30 33 36 35 37 40 44 46 46 43 42 41 40 40 40 41 41 42 47 48 50 49 46 42 41 40 40 38 39 39 39 41 42 45 46 48 47 48 45 45 47 47 46 46 46 45 47
45 42 43 44 40 38 34 27 27 23 21 22 20 20 21 23 25 20 21 20 21 22 23 25 26 26 30 28 31 26 24 23 21 17 17 17 18 14 17 21 20 21 21 23 29 28 25 25 29 31 32 32 33 40 45 46 47 46 44 43 42 40 40 42 42 43 45 47 48 49 48 45 41 40 39 38 38 39 40 41 43 43 46 47 48 48 49 46 48 48 49 50 49 49 48 48
42 42 39 37 35 34 33 28 27 25 24 22 20 19 22 23 20 19 23 22 24 26 25 27 28 27 28 30 31 26 23 21 22 20 19 18 15 14 18 20 19 20 20 23 26 25 26 27 29 31 32 34 33 37 40 44 46 45 43 44 42 40 42 43 42 44 47 48 50 49 47 44 42 40 39 37 37 38 40 42 44 44 45 47 47 48 48 48 48 49 50 51 50 50 50 49
40 42 41 40 34 32 29 26 23 24 24 24 23 23 21 21 20 23 22 22 23 22 24 25 26 26 28 30 29 26 22 22 24 21 20 19 16 14 18 18 17 18 20 20 22 25 26 31 32 32 34 36 37 39 39 44 45 48 46 44 43 43 43 43 43 43 45 46 48 49 47 44 41 38 38 37 36 37 39 43 44 46 48 48 47 50 50 49 49 51 52 51 51 50 49 49
36 36 37 38 36 33 31 30 26 25 26 29 26 25 27 23 22 22 22 21 22 21 24 26 24 26 32 31 31 28 24 26 25 21 20 22 21 17 18 18 18 17 22 22 23 28 32 34 32 33 36 38 39 41 41 44 46 48 45 43 44 42 42 42 42 43 44 45 45 43 42 40 39 38 38 37 37 38 39 39 43 46 48 48 46 49 52 53 52 52 53 54 54 51 49 49
38 38 37 35 33 32 32 31 30 27 27 24 24 24 25 25 25 22 24 23 24 24 27 27 25 27 31 28 29 27 23 23 24 24 23 23 23 19 16 17 18 20 21 21 24 32 35 33 32 34 35 38 42 44 46 44 45 47 48 46 44 43 42 42 43 43 42 42 42 41 39 38 40 37 38 37 37 39 39 40 41 42 42 45 48 49 53 55 54 55 56 57 54 52 48 50
36 36 37 35 31 34 33 29 28 30 27 26 24 22 23 23 26 26 27 25 26 26 29 28 28 28 25 25 26 24 22 22 22 23 22 22 20 18 17 19 19 22 23 23 24 29 29 29 33 33 38 42 44 46 44 43 43 45 46 46 46 46 45 44 43 42 42 40 39 39 37 37 36 34 36 37 36 37 39 39 40 43 43 45 47 51 54 55 57 59 57 55 54 53 50 51
38 37 37 34 32 30 30 30 30 29 27 28 24 23 21 27 26 26 25 24 26 26 27 28 29 29 27 26 26 26 23 23 21 21 19 20 18 16 17 17 20 22 23 26 27 26 28 31 33 36 39 42 45 43 41 40 40 41 45 46 49 46 47 45 42 40 41 41 39 37 37 36 34 34 35 35 34 37 38 38 40 44 45 46 47 50 53 53 58 62 59 56 55 53 51 52
38 37 36 35 36 36 36 32 28 27 26 26 25 22 23 26 23 25 24 24 25 26 26 25 27 27 24 26 29 29 24 23 22 22 19 17 19 15 16 18 21 22 24 30 31 28 29 33 33 37 39 41 42 40 40 39 39 41 44 45 46 45 48 43 40 39 39 41 38 37 35 34 33 32 34 34 34 34 37 40 41 44 47 49 47 49 51 51 57 62 60 56 55 53 54 54
39 39 40 39 34 31 36 37 39 34 26 24 26 22 24 23 23 24 23 25 26 26 24 23 23 23 23 23 24 24 26 21 22 21 19 19 19 18 16 17 21 23 27 33 34 32 33 35 37 38 38 40 39 39 38 35 38 41 44 42 42 40 40 41 38 38 39 40 37 37 35 33 31 33 34 35 35 34 38 42 43 47 49 48 47 48 50 53 57 60 60 58 56 54 55 57
44 41 48 35 32 33 33 32 33 34 28 24 23 25 25 23 25 25 24 26 25 24 25 25 24 23 22 22 22 26 23 21 19 19 20 20 18 17 16 17 22 26 29 33 34 33 32 35 36 35 37 39 38 34 35 35 38 40 41 40 40 39 38 37 35 35 38 39 35 35 33 32 31 34 35 35 34 36 39 43 44 48 51 49 49 48 49 52 57 61 62 58 57 56 59 60
40 43 51 40 35 35 30 25 27 29 29 26 25 27 26 23 24 26 26 26 24 23 24 24 25 27 22 22 22 25 22 19 20 19 19 20 19 16 17 17 22 25 29 30 31 33 34 37 35 35 36 37 35 34 33 37 39 39 40 40 39 37 37 36 32 33 36 35 34 34 31 30 31 32 34 35 36 38 41 44 47 48 53 54 53 50 51 52 55 58 59 59 58 58 60 61
47 47 39 37 36 35 33 27 26 27 30 27 27 27 25 23 24 24 27 26 24 22 24 26 24 26 25 23 23 24 22 20 20 19 20 19 20 17 18 20 21 25 26 29 30 31 37 38 37 38 34 32 31 31 32 35 39 42 41 43 41 38 36 35 33 33 34 32 30 29 31 31 32 32 35 37 38 40 41 45 46 49 54 55 58 55 55 54 55 57 58 58 60 60 58 59
47 46 36 33 36 38 35 33 28 27 27 30 30 27 24 25 25 26 27 23 23 25 26 26 26 26 25 24 23 22 23 22 20 20 20 20 20 16 19 21 21 23 27 30 31 34 35 36 38 36 32 33 30 31 31 33 38 41 44 44 40 39 39 38 34 33 31 31 29 30 31 32 33 34 37 40 42 41 42 42 45 49 54 58 60 59 59 59 60 60 61 63 64 61 57 56
38 38 41 36 37 36 38 33 31 28 25 26 28 28 25 26 25 25 25 25 23 24 24 28 27 27 25 23 22 22 23 23 20 20 20 19 18 18 17 20 21 22 27 30 30 33 35 36 38 34 31 29 30 31 31 33 39 40 41 42 39 37 36 35 34 33 30 30 30 31 31 31 33 34 38 41 41 42 41 43 47 47 51 57 61 59 58 58 59 61 62 63 61 62 59 57
38 36 32 35 31 29 28 29 35 29 31 30 29 29 27 24 24 25 25 26 25 24 23 28 26 24 22 20 21 22 23 25 23 20 20 21 20 17 17 20 23 24 27 28 28 31 33 36 36 31 29 27 30 32 33 34 35 36 40 40 38 36 32 32 31 30 29 29 29 30 30 31 33 34 39 41 42 42 42 43 45 46 52 56 60 60 61 57 56 57 60 60 57 58 57 55
37 36 35 40 38 29 26 28 37 30 26 28 27 29 29 25 26 25 22 25 25 27 25 25 25 24 22 19 21 26 25 26 23 21 20 21 20 18 19 20 23 24 25 27 30 29 32 33 34 31 28 28 29 32 34 37 35 34 36 37 36 33 28 31 29 29 30 29 29 30 31 33 34 37 39 40 44 44 43 45 48 49 53 57 60 62 61 56 53 54 58 58 56 55 55 53
40 41 38 35 33 27 25 23 29 28 29 26 26 28 27 27 28 23 23 25 26 27 26 24 25 25 24 21 24 27 27 26 23 24 20 20 19 18 21 22 27 26 25 28 30 29 31 32 28 28 26 28 31 33 37 37 36 32 32 32 34 31 29 30 27 27 28 27 29 31 33 35 35 36 40 42 46 45 45 46 49 51 54 58 59 63 59 54 51 54 55 53 52 54 54 50
40 43 43 37 26 25 23 22 26 28 26 24 24 27 28 28 27 27 27 25 25 25 28 26 25 24 23 28 27 23 24 26 25 24 20 21 19 18 22 26 28 28 26 26 27 25 27 26 27 26 27 31 33 35 38 35 33 31 31 30 31 31 30 27 25 26 27 29 30 32 33 37 35 36 41 44 46 48 48 49 50 51 53 60 62 62 59 56 51 50 50 48 48 52 53 49
38 39 31 31 30 30 24 23 27 27 27 24 24 26 27 23 26 26 29 28 25 24 24 24 27 23 21 27 26 22 23 25 24 22 22 24 19 18 21 25 29 28 28 26 25 25 25 27 27 27 28 30 33 36 36 34 32 31 29 28 28 30 29 27 26 26 26 30 32 32 35 35 34 36 40 45 49 51 52 53 54 55 56 59 62 63 57 51 49 48 46 48 50 55 53 48
29 29 30 27 27 26 25 25 26 25 26 27 26 27 26 22 23 25 27 28 27 27 23 23 25 24 24 26 27 27 27 27 21 21 23 20 17 20 21 25 26 27 28 26 23 23 23 24 24 25 28 28 30 32 33 34 34 33 30 27 27 27 26 27 27 28 29 30 32 33 35 36 35 37 42 43 48 50 54 57 60 59 56 57 60 60 56 48 47 46 45 46 53 55 51 48
28 32 34 29 27 29 35 27 28 28 27 29 28 27 27 27 28 27 26 28 27 27 29 28 24 24 24 25 27 27 27 25 22 23 22 16 19 22 22 26 27 26 26 22 24 23 23 24 25 24 28 27 28 31 32 32 32 32 30 26 26 26 27 28 30 31 31 32 31 32 36 37 37 41 42 45 49 51 56 59 61 59 53 52 54 55 50 45 44 43 45 47 51 52 47 45
25 26 28 30 31 32 36 30 26 28 31 33 31 29 31 31 30 30 28 29 28 33 37 30 26 24 24 26 27 26 26 25 22 23 23 17 21 22 22 24 25 26 23 23 22 23 24 23 23 27 26 27 29 30 30 29 30 29 29 27 26 27 28 31 31 32 32 33 33 35 39 39 40 41 42 44 46 51 54 59 60 56 51 50 49 45 45 42 41 39 42 45 48 47 45 43
28 21 24 26 25 24 27 28 27 29 29 33 36 32 30 29 28 29 31 28 29 37 30 27 26 25 27 28 27 26 27 23 22 21 20 20 23 23 23 23 23 23 21 22 23 24 25 22 24 26 27 27 30 29 27 27 26 25 27 26 26 28 28 30 31 31 32 33 36 40 42 43 41 39 42 44 45 50 54 55 55 54 51 48 44 42 43 41 41 40 41 42 44 43 43 42
27 27 26 24 24 26 25 28 29 28 27 29 31 30 30 29 27 28 30 31 34 39 35 26 26 25 26 27 27 26 27 25 22 19 20 22 22 23 23 22 21 22 22 21 22 23 23 23 23 25 26 29 26 26 25 24 24 27 27 27 28 29 28 29 30 30 31 33 38 43 47 44 41 39 41 43 44 49 53 51 49 48 47 45 41 41 41 41 40 40 41 39 40 40 39 39
24 27 27 22 24 25 25 26 29 29 28 28 30 30 28 27 28 31 31 31 33 36 36 30 27 27 26 27 26 27 26 25 21 18 20 22 24 24 23 21 21 21 21 23 23 24 24 24 25 24 24 26 26 25 25 26 28 30 29 28 28 30 31 31 30 31 31 34 38 43 47 43 39 40 42 43 45 47 48 46 45 43 41 41 40 40 38 38 40 37 39 38 38 39 39 41
18 21 20 20 22 26 25 26 27 28 31 29 30 28 29 29 27 28 29 31 30 30 30 26 25 28 29 26 26 25 24 23 22 19 20 22 23 23 25 21 22 23 22 22 23 23 22 23 22 23 23 23 24 23 24 26 29 29 29 30 30 29 30 30 32 32 33 34 37 41 42 38 37 38 40 41 44 43 42 40 39 41 41 40 39 37 37 36 37 36 38 38 40 41 41 45
19 20 22 23 23 24 25 28 28 28 28 29 30 29 31 28 24 27 27 26 28 30 28 28 28 28 28 25 25 24 22 23 21 24 23 22 23 23 21 21 21 21 22 24 23 23 22 20 19 22 24 25 26 25 23 24 25 26 28 28 29 30 31 30 32 33 35 37 38 38 36 36 36 36 38 40 41 42 41 39 37 38 38 38 37 37 37 35 36 35 38 41 44 46 46 49
25 24 23 29 27 24 23 26 28 28 29 29 29 30 30 26 27 26 29 27 28 26 27 27 28 28 25 24 25 23 23 22 22 26 25 23 23 22 20 23 25 21 20 22 22 23 23 22 22 21 24 26 27 27 24 24 23 23 25 25 26 26 28 31 32 34 37 38 38 35 33 34 34 35 39 39 39 38 36 36 35 35 34 36 37 36 37 36 37 37 39 42 45 47 52 55
23 24 24 25 30 28 26 24 25 27 29 29 29 30 30 29 30 26 31 34 32 25 22 22 25 25 23 23 25 23 23 23 23 24 20 19 20 22 22 24 23 23 22 22 21 22 23 22 23 24 24 25 25 25 23 25 25 25 25 25 24 26 28 30 31 33 35 36 35 35 34 33 31 33 38 39 38 36 36 35 35 35 35 33 34 35 35 36 35 38 41 41 45 47 50 57
24 26 26 27 28 26 25 25 26 29 27 27 27 28 30 30 28 33 35 30 30 27 25 23 23 23 21 22 23 25 24 23 24 22 21 19 19 22 21 23 23 23 23 23 23 24 24 24 25 25 25 25 23 25 24 24 25 24 24 24 26 27 29 30 31 33 33 33 32 34 31 31 30 32 35 35 35 34 33 34 32 32 32 32 34 34 35 38 39 40 43 45 47 51 53 57
27 27 28 30 29 26 26 28 32 28 26 26 27 31 33 33 35 37 34 30 29 25 23 22 24 23 21 21 22 23 23 24 23 23 22 23 21 22 21 22 23 23 23 23 25 25 24 23 25 24 23 26 25 25 25 24 25 25 26 25 25 26 30 32 31 29 33 32 31 31 30 29 30 30 31 35 34 35 34 32 32 35 35 34 35 35 35 38 39 42 45 50 52 56 56 55
27 26 28 31 30 27 26 25 28 31 28 25 28 30 32 33 36 34 30 32 30 25 22 19 20 21 21 22 22 23 23 22 21 23 21 21 23 24 21 20 21 21 23 25 26 24 23 24 25 24 24 25 25 26 26 25 27 27 27 27 25 26 28 29 30 29 29 29 32 32 32 32 30 29 31 32 32 34 33 32 34 36 35 34 35 35 36 39 41 43 47 50 57 59 59 55
26 25 25 26 32 30 27 28 30 29 28 31 30 32 34 35 34 34 31 28 28 27 24 22 22 22 21 21 22 24 25 24 23 23 22 23 22 22 22 21 23 21 23 24 25 24 26 26 25 25 26 25 25 26 26 27 28 28 27 27 27 26 26 26 27 27 28 28 30 29 31 32 30 30 30 33 31 31 31 30 31 33 32 35 34 34 38 38 41 45 47 50 53 54 59 54
25 24 27 31 38 32 26 29 30 30 32 36 39 40 37 32 29 30 23 25 25 29 28 26 26 24 21 22 22 24 24 26 23 23 23 24 21 22 23 22 22 23 24 25 26 25 26 25 25 26 26 26 26 26 25 28 28 28 27 26 27 27 26 26 26 27 28 27 28 28 30 31 30 30 32 33 31 32 30 31 32 32 32 35 37 38 37 36 41 44 45 44 48 51 56 52
25 25 26 29 33 29 28 31 30 32 38 41 44 41 39 34 23 27 24 26 25 26 27 28 28 30 25 23 23 22 23 23 21 23 24 24 23 23 22 23 25 24 24 24 24 25 24 24 24 25 26 27 29 28 25 25 27 28 27 28 28 28 27 27 26 27 28 28 28 28 29 31 33 33 30 29 30 31 30 31 34 34 35 37 38 37 40 40 42 42 42 44 48 51 55 53
24 26 26 26 27 28 30 30 29 36 38 40 46 49 44 39 32 26 29 25 26 27 28 29 27 31 24 23 23 23 26 27 26 24 23 23 23 21 22 24 24 24 23 25 25 25 24 24 25 25 27 27 29 29 27 27 26 27 28 29 30 29 27 27 27 27 26 27 28 29 28 30 31 31 30 29 30 30 30 29 33 35 37 39 38 39 41 41 41 38 39 43 48 52 56 57
24 26 26 26 27 31 32 31 34 43 45 34 43 46 41 41 37 26 26 22 22 24 29 29 28 30 28 24 24 24 25 24 25 24 23 24 22 24 24 23 25 25 23 24 25 26 25 24 24 25 26 26 28 28 27 26 27 28 28 27 28 29 28 28 28 29 27 27 29 30 31 32 29 30 31 30 29 29 31 33 33 35 36 37 38 39 40 40 39 37 39 44 48 54 61 66
23 25 24 26 29 33 34 36 31 35 44 40 39 43 41 35 34 30 26 24 22 25 30 26 26 30 28 24 24 25 22 24 25 24 25 24 24 24 24 23 23 25 25 24 25 25 25 26 26 26 26 27 28 29 28 27 27 28 27 26 26 28 30 28 28 29 29 30 30 30 30 30 31 31 31 30 29 31 33 35 36 35 33 33 36 34 38 37 38 37 39 45 48 52 58 62
18 23 21 22 26 27 30 35 33 40 42 40 40 47 44 32 35 35 30 25 25 28 28 25 28 34 28 27 25 24 22 23 26 25 24 25 25 24 24 23 21 21 24 24 23 25 25 26 26 26 25 25 24 27 29 28 27 27 26 26 28 27 29 28 29 30 30 30 30 29 29 29 29 32 35 31 29 29 32 32 36 34 33 32 34 33 35 34 35 37 41 44 45 54 55 51
17 21 22 21 31 31 27 27 29 41 41 37 38 44 36 32 37 38 32 25 26 24 26 28 31 34 31 26 23 25 25 23 24 24 25 24 25 24 25 24 25 22 21 25 24 24 26 25 27 27 28 26 25 27 27 27 27 27 27 28 27 27 30 29 31 31 31 31 28 29 29 29 29 29 30 32 29 29 32 32 32 32 30 30 31 31 33 35 35 34 37 41 43 49 48 44
23 22 24 27 28 29 28 31 36 36 34 39 45 42 30 33 34 34 34 27 26 25 25 30 29 30 31 27 24 25 25 23 26 26 26 25 25 24 23 24 24 24 24 21 23 24 25 26 25 26 27 27 27 27 27 26 28 27 29 29 28 29 30 30 30 31 30 28 29 30 29 29 29 29 29 29 31 30 30 29 31 33 30 30 30 29 32 32 33 35 37 39 41 41 42 39
31 27 27 23 25 31 30 33 40 34 31 37 36 41 36 35 34 36 35 23 23 24 25 29 31 33 35 30 25 25 26 24 27 25 23 24 25 26 26 26 24 24 24 23 21 24 26 25 25 25 25 26 28 29 28 27 27 25 27 27 28 30 30 29 30 30 28 28 30 29 29 30 30 29 29 30 30 30 30 29 31 33 31 32 31 31 33 32 31 32 34 38 35 34 35 33
38 31 30 28 28 35 38 27 37 38 34 30 30 31 32 35 33 45 35 29 27 26 25 25 28 30 32 30 26 27 26 27 28 23 24 25 25 25 26 27 25 25 27 25 26 24 23 24 26 25 25 25 27 27 27 27 28 29 28 29 28 27 30 30 29 29 29 29 30 30 29 34 30 29 30 31 31 32 31 30 31 32 30 33 33 33 35 32 32 32 33 37 35 34 33 33
29 28 35 34 31 38 43 36 39 35 34 34 31 34 31 38 35 40 39 32 27 28 29 27 30 29 29 28 31 35 27 26 26 25 27 25 25 25 26 26 25 25 26 24 26 25 23 23 26 26 26 26 25 26 27 26 28 28 28 28 28 29 29 29 28 30 31 31 30 31 30 32 32 29 33 32 31 32 33 32 32 30 31 32 31 34 34 32 34 33 33 35 35 34 34 36
31 27 30 33 38 40 42 46 45 32 33 36 34 33 36 34 29 37 36 30 27 31 30 29 33 30 29 29 34 30 26 25 24 25 26 27 26 25 26 24 26 26 25 25 25 24 25 23 25 25 25 26 26 27 28 28 28 27 27 26 28 29 30 32 28 29 29 30 30 31 31 31 31 31 31 32 31 32 32 33 32 32 31 33 33 33 33 33 33 32 35 32 34 32 34 33
26 31 33 33 35 36 43 46 42 36 38 37 36 36 40 35 34 34 33 35 33 31 27 29 31 30 37 36 30 28 26 25 21 24 26 27 28 27 26 25 25 25 27 26 24 26 25 23 24 27 26 27 29 27 27 29 30 28 27 27 27 28 28 30 30 28 29 30 30 31 32 33 32 32 31 31 32 32 32 32 32 32 34 36 37 37 34 32 35 33 33 32 32 32 34 35
27 30 33 38 40 40 43 43 40 43 36 35 36 41 45 35 32 32 32 29 31 31 29 30 29 34 36 31 28 28 26 26 24 24 26 26 25 26 25 26 26 25 25 25 26 27 26 24 25 29 29 29 28 30 28 27 30 27 28 28 29 29 28 29 30 28 29 29 29 31 33 32 32 33 32 32 32 32 32 32 34 34 34 37 36 36 34 34 33 32 32 34 36 35 34 33
