ViewShed-Visualize/viewshed_visualize2/raster11.asc
ncols        903
nrows        755
xllcorner    35.397083333284
yllcorner    32.958750000006
cellsize     0.000833333333
NODATA_value -32768
[rows 200 to 239 of 755, columns 91 to 181 of 903]
431 414 399 403 413 417 424 430 436 439 447 450 449 446 438 428 410 386 361 349 350 354 364 372 381 389 397 398 394 392 390 392 396 402 409 419 425 433 437 438 437 435 449 462 468 471 476 486 503 526 547 551 524 473 461 495 545 590 648 688 729 769 817 860 890 919 946 958 961 971 973 965 952 937 916 893 873 853 833 809 781 735 686 687 708 697 681 678 687 694 700
441 422 408 405 418 430 435 440 442 452 461 459 450 440 430 418 404 385 370 357 352 353 351 355 364 373 379 376 375 386 397 406 413 423 433 445 454 465 468 467 462 459 467 481 491 495 498 503 513 530 551 553 522 467 448 477 530 582 635 686 726 772 816 850 884 910 930 944 956 963 960 945 932 917 898 877 856 837 819 797 776 749 705 668 662 667 688 714 730 735 726
460 433 412 408 420 437 446 463 465 468 472 468 457 445 430 420 408 394 383 369 359 360 359 353 354 362 366 367 376 380 384 393 404 419 436 454 467 482 489 488 483 481 487 499 508 510 511 517 525 539 554 558 531 489 454 474 523 570 629 674 713 755 799 835 871 900 915 929 942 950 942 924 914 900 881 858 839 823 807 783 762 749 715 675 656 675 712 743 763 764 754
461 438 428 420 421 431 449 467 472 471 471 468 460 453 446 438 421 405 389 377 364 367 371 368 359 356 357 362 366 364 363 367 384 403 420 439 457 476 491 495 495 498 502 511 519 520 518 519 527 541 558 559 534 491 452 458 501 554 601 643 688 736 784 824 859 883 898 915 931 934 925 912 894 879 863 844 826 806 790 770 747 732 700 657 656 685 721 753 774 785 792
459 449 448 435 424 425 442 457 465 464 462 463 461 459 457 451 433 414 397 381 369 377 385 388 380 365 361 366 372 378 373 365 380 399 413 434 452 470 485 492 498 502 505 514 518 519 516 512 523 540 555 557 530 485 446 448 479 522 566 610 663 716 770 808 846 870 890 906 922 924 912 896 881 864 846 830 811 789 770 749 727 707 675 644 661 691 725 756 780 800 816
466 465 464 450 430 425 428 440 448 451 453 461 460 455 450 442 433 416 401 384 374 382 398 405 402 388 385 396 407 405 386 369 389 409 426 439 450 462 474 480 487 490 494 499 503 502 498 505 516 534 549 551 524 485 444 441 464 503 555 605 653 698 745 792 832 863 878 897 917 911 898 880 864 847 829 809 797 779 757 739 711 678 647 638 662 694 726 758 785 808 827
474 474 470 456 438 427 426 431 436 440 446 455 455 448 442 436 427 419 408 394 382 380 394 406 405 401 409 421 427 416 395 371 377 399 416 428 442 451 460 464 468 472 475 478 481 484 491 502 513 525 534 533 511 473 434 434 457 496 538 582 630 672 714 761 806 847 865 886 904 895 882 862 845 828 806 781 770 761 744 727 698 655 628 648 674 705 730 757 789 815 836
475 469 467 451 436 431 428 428 428 434 443 450 449 445 437 432 422 414 406 396 388 381 384 391 396 401 416 433 437 425 407 384 367 378 395 409 423 431 436 439 444 449 454 459 469 482 496 509 516 514 514 508 484 447 428 435 453 480 511 550 595 639 681 739 789 833 846 869 881 874 862 844 826 802 775 747 737 735 720 698 667 629 636 670 700 732 762 786 807 826 840
468 462 454 444 436 432 431 430 429 432 438 442 442 438 429 422 411 404 399 397 396 390 388 389 390 396 414 432 440 432 419 396 373 370 381 393 401 411 421 433 441 449 463 473 483 494 503 513 514 509 495 478 453 431 424 436 455 478 505 524 559 607 658 721 776 803 822 841 851 850 843 829 808 776 742 712 701 700 677 652 623 620 651 687 722 751 783 809 826 833 831
464 458 447 445 445 443 440 438 437 436 438 439 440 440 435 425 413 409 411 416 413 408 403 403 402 399 409 423 430 434 431 419 400 378 376 391 406 419 430 439 447 459 475 485 491 496 503 508 509 504 488 461 431 420 435 448 452 466 499 516 540 586 654 706 749 773 794 823 838 837 829 817 793 758 717 682 667 661 629 612 624 657 688 708 738 772 800 822 832 823 807
464 460 453 453 452 453 455 451 448 442 441 442 442 444 447 437 426 425 431 434 431 431 432 430 424 412 404 407 417 428 437 432 416 394 380 388 403 413 420 426 435 451 467 479 485 485 491 492 490 489 480 454 420 429 456 461 454 454 479 507 533 579 645 690 717 736 768 805 820 821 814 804 779 752 713 678 648 623 594 616 660 694 722 744 757 786 810 826 824 805 771
457 457 460 461 459 460 461 455 452 450 449 450 448 450 455 453 445 446 449 450 446 444 451 452 446 431 421 411 409 418 433 436 426 412 393 379 384 389 391 396 406 424 444 459 470 469 469 465 463 457 452 438 418 436 458 460 453 447 462 487 515 571 628 660 686 710 749 787 801 801 792 782 758 734 706 678 644 602 583 628 676 711 747 768 779 797 813 819 807 780 741
444 449 455 455 455 459 461 457 457 460 462 462 460 462 462 458 459 466 474 470 458 455 458 459 455 448 436 423 411 417 427 435 436 432 425 403 389 390 405 405 395 392 411 434 451 453 447 429 422 418 416 415 426 461 471 463 449 439 446 471 508 559 601 629 658 692 743 774 784 780 774 759 738 713 687 663 632 580 589 639 688 725 768 787 795 808 810 804 785 755 714
428 437 445 449 451 455 456 457 467 466 467 470 469 468 463 456 457 467 475 478 469 465 464 453 451 445 438 429 416 414 420 430 439 444 443 429 405 412 430 433 426 406 394 407 426 432 418 404 408 420 435 447 475 502 497 472 446 435 439 462 505 546 579 607 641 678 725 757 769 764 758 739 712 685 662 638 598 567 604 653 711 749 778 802 812 811 798 776 749 720 685
418 436 445 449 447 450 445 451 463 466 470 472 469 460 452 445 446 455 463 467 461 460 461 457 454 443 433 426 418 418 423 431 440 449 448 434 416 427 447 455 451 437 416 396 401 406 400 411 433 457 479 504 531 541 530 490 447 429 435 458 505 543 569 590 620 651 692 735 751 751 739 717 687 655 626 598 567 574 626 677 726 764 792 813 812 800 772 739 705 678 649
417 444 460 464 457 448 438 446 460 465 468 467 459 451 441 436 441 448 452 453 450 449 457 461 461 448 436 432 423 425 436 440 447 452 452 439 425 440 462 470 468 458 437 412 394 395 403 422 451 479 508 534 559 570 561 515 458 429 423 439 478 522 553 574 593 629 664 704 732 730 713 680 652 617 583 552 557 596 645 697 741 768 795 807 796 769 736 698 659 634 614
405 435 453 456 450 438 432 441 452 457 457 454 448 440 430 433 439 443 446 441 439 442 451 459 459 455 454 448 433 428 441 451 458 460 456 442 430 448 470 480 480 473 458 433 411 413 429 446 467 491 518 544 561 580 575 534 482 431 419 427 453 492 526 551 572 605 637 670 704 710 674 634 604 571 545 556 588 627 671 711 744 771 791 793 770 734 697 655 613 591 582
397 405 421 423 421 417 418 423 431 439 442 443 438 430 427 431 433 438 437 432 436 441 446 452 454 458 461 459 446 435 441 454 464 468 462 447 435 446 466 479 486 482 469 447 427 437 459 476 488 506 530 551 564 575 569 538 492 433 417 417 431 462 494 517 544 581 614 649 684 686 647 606 569 541 556 585 619 656 692 721 749 772 776 765 740 693 651 610 578 563 559
410 401 403 406 402 402 406 409 412 421 425 429 428 425 425 430 433 435 434 429 434 441 443 445 451 457 460 461 454 443 444 454 463 472 470 464 453 446 460 477 490 487 472 453 437 447 473 496 512 521 535 553 564 570 562 531 488 438 417 411 415 431 455 483 521 564 600 638 668 663 620 566 533 543 581 605 627 661 691 719 742 755 746 730 696 655 607 570 553 549 567
436 428 421 416 408 403 406 408 410 410 412 417 419 418 419 423 426 428 426 427 432 437 439 440 445 453 457 462 460 452 445 450 461 472 477 477 475 470 462 481 499 491 478 465 455 457 486 511 530 533 537 553 563 568 561 527 484 437 414 412 412 414 429 457 500 541 583 625 651 641 587 539 520 554 586 613 634 658 681 704 723 727 715 693 653 610 571 541 546 564 586
459 464 451 433 421 408 409 418 418 424 424 427 424 423 423 423 421 421 423 425 428 430 433 436 439 444 451 456 461 460 455 451 457 467 478 486 492 494 483 486 500 500 497 486 468 466 491 518 538 541 543 552 558 562 555 523 482 434 412 412 413 413 420 439 476 522 562 608 628 612 559 518 530 569 593 616 636 659 679 694 698 699 685 650 609 567 533 533 562 587 605
468 479 472 457 442 426 418 424 430 440 441 446 447 440 437 432 428 428 426 426 426 427 428 434 435 437 443 451 460 464 466 462 458 465 475 486 496 499 494 488 496 507 507 498 478 475 497 521 536 537 539 545 551 556 546 517 479 434 415 411 409 410 415 428 454 499 540 583 601 585 540 514 542 577 600 620 641 667 681 685 681 665 639 607 566 530 519 546 571 593 612
462 480 484 478 470 455 431 420 432 445 455 460 461 461 454 446 438 436 429 426 426 426 427 431 435 437 439 446 456 463 468 470 467 466 471 481 491 498 498 493 496 506 512 505 490 482 502 522 534 532 529 535 543 551 544 512 477 438 416 410 408 407 409 415 439 478 517 558 569 548 509 509 548 580 599 625 649 671 674 664 640 614 589 551 518 506 527 553 568 590 608
467 491 498 495 493 476 450 426 423 440 454 461 467 467 462 456 450 445 440 433 435 432 432 435 441 445 446 445 450 456 465 474 475 477 476 480 485 493 497 497 500 505 513 512 501 494 506 522 530 525 521 523 535 545 537 506 480 448 419 408 407 407 408 409 429 462 499 531 534 498 478 510 553 582 604 633 659 670 645 611 586 553 524 505 503 517 526 543 558 583 596
466 485 497 497 495 484 465 439 426 428 437 448 456 461 461 461 461 457 451 443 439 442 437 437 441 446 452 452 448 452 460 471 478 483 487 486 487 492 495 501 504 507 512 515 510 505 511 524 529 525 517 517 526 533 524 491 471 448 420 410 408 408 408 407 419 449 482 515 505 467 468 517 560 586 613 639 654 641 599 557 521 495 503 520 530 534 542 547 556 572 587
468 472 483 488 490 486 473 451 438 430 429 436 442 448 456 467 473 468 459 453 450 454 449 445 442 445 451 458 459 459 458 465 474 483 491 495 499 499 502 507 512 515 516 524 522 518 521 532 533 529 520 513 513 515 512 483 463 443 415 407 406 407 409 409 410 434 470 497 479 453 473 516 556 587 615 631 612 595 552 507 483 507 543 569 571 562 567 572 570 573 584
479 474 476 481 490 488 481 470 457 447 434 432 434 440 452 467 476 476 472 462 460 463 464 457 452 450 451 453 460 469 469 468 468 476 486 496 504 509 510 516 523 525 526 529 529 529 529 535 538 536 530 516 503 494 491 477 459 436 411 406 408 406 408 407 406 424 455 480 466 449 478 519 558 584 602 579 554 536 498 476 496 533 565 586 601 601 600 595 592 597 599
493 487 483 482 491 490 487 482 477 462 447 437 437 439 447 460 469 477 474 469 471 473 475 471 468 466 463 460 461 465 473 477 476 477 481 488 499 507 513 518 526 530 531 531 533 529 526 528 532 536 535 527 519 501 479 466 455 430 410 408 407 405 406 408 405 416 440 453 444 449 488 525 551 569 574 532 497 475 464 474 512 546 573 596 612 620 625 623 618 618 621
496 499 495 488 487 489 486 482 475 464 455 446 440 440 444 452 458 466 467 468 473 476 482 484 486 490 484 478 471 468 472 479 487 487 486 487 491 499 507 514 523 528 528 528 528 521 517 519 523 530 534 534 521 502 484 467 450 425 413 408 405 404 407 407 407 411 421 426 431 458 490 514 528 534 521 483 450 464 480 490 508 545 574 593 606 615 621 629 632 633 632
491 495 495 489 486 484 480 477 472 463 456 451 449 442 442 446 447 450 456 459 465 473 479 487 493 500 499 497 489 478 474 479 492 499 500 497 499 498 505 514 525 526 523 519 518 513 507 507 513 519 525 527 513 498 486 472 457 432 412 406 403 404 404 405 409 412 416 419 440 464 481 491 494 476 457 442 452 485 519 529 529 541 564 579 587 600 612 625 635 637 636
489 491 491 487 481 479 476 474 471 467 464 460 456 447 444 446 450 448 451 457 460 465 472 481 487 497 503 504 501 491 481 487 497 506 511 513 511 511 515 522 526 525 515 508 506 503 499 498 504 509 513 512 500 491 484 474 465 443 413 404 401 402 403 404 408 411 410 416 434 452 466 472 460 435 444 467 487 512 547 567 567 560 561 571 585 603 617 628 631 627 625
482 485 482 479 476 477 473 471 468 469 472 469 458 453 450 453 459 457 458 460 464 466 468 473 482 490 498 503 505 501 494 499 509 515 520 522 521 522 522 525 526 521 513 506 495 494 493 491 496 498 500 500 489 484 482 479 473 463 425 403 403 402 401 404 405 405 406 408 422 438 446 451 435 438 484 519 540 557 573 582 578 573 567 576 590 604 614 617 616 613 610
465 468 478 482 474 468 467 468 470 472 474 473 468 463 461 465 469 467 469 473 478 480 482 479 479 485 495 501 506 505 505 508 517 520 521 520 519 518 513 516 516 513 509 501 492 486 486 488 491 491 489 485 480 478 477 476 480 471 436 404 400 400 401 401 401 402 401 402 409 419 422 424 428 460 501 540 560 565 570 571 566 561 562 572 586 599 605 605 597 596 602
442 459 476 481 472 468 466 467 470 475 476 478 476 470 470 473 476 475 471 475 485 491 493 491 488 488 493 497 500 503 505 512 514 514 511 510 508 506 502 504 504 500 496 488 483 482 483 484 486 485 484 480 476 474 472 471 475 469 436 403 396 397 400 400 399 400 398 396 398 403 409 417 445 475 506 530 536 538 544 543 536 540 560 577 591 598 600 592 579 581 591
422 442 461 469 465 456 454 463 472 477 482 486 486 481 480 484 484 482 472 470 481 490 490 489 488 487 491 490 488 490 494 501 503 501 497 494 494 491 486 486 487 484 480 476 475 478 481 482 485 485 485 480 478 475 472 467 465 460 442 407 396 395 397 399 399 398 396 392 392 394 402 423 447 474 488 490 493 503 512 518 530 547 568 585 596 598 593 577 565 564 572
405 421 440 443 444 443 442 449 462 476 483 492 493 487 485 487 487 478 467 463 467 477 482 478 481 485 483 479 474 479 483 487 487 482 478 474 476 477 473 473 472 471 468 471 475 479 483 487 493 493 492 488 484 481 478 472 467 459 440 410 396 394 395 397 396 397 395 390 390 396 403 420 435 451 460 476 492 506 515 527 544 563 582 593 597 593 580 564 547 540 551
392 398 409 416 420 423 426 435 449 466 478 496 497 487 481 483 479 470 459 453 455 462 468 467 470 468 470 466 461 467 473 473 471 467 465 462 463 463 463 462 461 466 472 474 479 485 493 499 509 520 524 514 502 494 490 489 486 472 450 414 397 392 392 393 392 393 390 384 388 392 398 411 433 453 469 482 495 503 516 532 548 565 580 591 592 586 568 552 532 519 531
391 392 394 395 398 400 403 417 441 459 479 499 501 487 470 465 461 454 447 447 446 445 449 451 453 455 458 455 452 456 461 460 461 458 457 454 454 456 459 462 467 477 482 485 489 496 507 518 536 555 563 556 540 518 510 511 507 492 463 420 397 391 390 391 391 390 386 381 386 390 395 406 432 449 455 462 473 493 513 531 545 560 575 583 580 573 555 539 518 501 511
404 400 398 399 404 407 404 406 426 450 475 493 495 477 454 443 442 440 437 435 437 439 440 442 444 446 448 447 446 448 452 450 453 453 451 452 456 458 464 474 485 493 503 503 505 513 527 543 563 585 596 596 575 553 539 538 529 506 468 425 399 390 387 387 387 386 384 378 382 386 390 399 416 430 447 467 487 505 517 525 535 550 564 570 568 552 532 518 503 485 481
418 408 407 416 430 437 429 415 411 435 460 474 472 455 438 425 425 430 430 429 429 432 433 435 435 437 438 438 439 441 444 445 444 446 451 457 464 465 469 480 493 503 517 522 525 534 552 568 589 611 625 622 605 582 566 559 543 520 477 434 405 392 385 384 385 383 381 375 379 384 388 394 409 433 456 475 488 498 502 508 527 540 553 557 550 530 511 499 488 469 477
