ViewShed-Visualize/viewshed_visualize2/raster3.asc
ncols        288
nrows        211
xllcorner    34.488749999951
yllcorner    31.665416666673
cellsize     0.000833333333
NODATA_value -32768
[rows 66 to 131 of 211, columns 96 to 191 of 288]
0 0 0 0 0 0 0 0 0 0 0 0 0 0 0 0 0 0 0 0 0 0 0 0 0 0 0 0 0 0 0 0 0 0 0 0 0 0 0 0 0 0 0 0 0 0 0 0 0 0 0 0 0 0 0 0 0 0 0 0 0 0 0 2 8 6 4 5 6 5 11 13 16 19 22 25 31 36 39 38 36 34 33 33 35 32 27 28 32 34 29 27 29 35 27 28
0 0 0 0 0 0 0 0 0 0 0 0 0 0 0 0 0 0 0 0 0 0 0 0 0 0 0 0 0 0 0 0 0 0 0 0 0 0 0 0 0 0 0 0 0 0 0 0 0 0 0 0 0 0 0 0 0 0 0 0 0 0 0 8 10 4 5 6 5 5 10 14 17 21 20 26 35 42 40 40 37 40 42 31 28 28 28 25 26 28 30 31 32 36 30 26
0 0 0 0 0 0 0 0 0 0 0 0 0 0 0 0 0 0 0 0 0 0 0 0 0 0 0 0 0 0 0 0 0 0 0 0 0 0 0 0 0 0 0 0 0 0 0 0 0 0 0 0 0 0 0 0 0 0 0 0 0 0 1 8 8 1 5 6 6 7 10 14 19 26 31 28 33 34 35 37 36 40 40 31 27 28 34 28 21 24 26 25 24 27 28 27
0 0 0 0 0 0 0 0 0 0 0 0 0 0 0 0 0 0 0 0 0 0 0 0 0 0 0 0 0 0 0 0 0 0 0 0 0 0 0 0 0 0 0 0 0 0 0 0 0 0 0 0 0 0 0 0 0 0 0 0 0 0 5 10 11 10 5 7 8 11 12 17 20 24 26 27 31 31 33 34 41 47 34 31 29 25 26 27 27 26 24 24 26 25 28 29
0 0 0 0 0 0 0 0 0 0 0 0 0 0 0 0 0 0 0 0 0 0 0 0 0 0 0 0 0 0 0 0 0 0 0 0 0 0 0 0 0 0 0 0 0 0 0 0 0 0 0 0 0 0 0 0 0 0 0 0 0 0 7 6 6 6 8 9 12 12 14 16 19 22 25 32 33 34 32 31 38 38 31 30 30 23 21 24 27 27 22 24 25 25 26 29
0 0 0 0 0 0 0 0 0 0 0 0 0 0 0 0 0 0 0 0 0 0 0 0 0 0 0 0 0 0 0 0 0 0 0 0 0 0 0 0 0 0 0 0 0 0 0 0 0 0 0 0 0 0 0 0 0 0 0 0 0 2 5 6 7 8 9 11 16 16 17 17 19 22 27 32 33 32 32 31 34 33 35 38 31 27 22 18 21 20 20 22 26 25 26 27
0 0 0 0 0 0 0 0 0 0 0 0 0 0 0 0 0 0 0 0 0 0 0 0 0 0 0 0 0 0 0 0 0 0 0 0 0 0 0 0 0 0 0 0 0 0 0 0 0 0 0 0 0 0 0 0 0 0 0 0 0 5 6 9 10 9 10 13 16 18 19 25 27 26 28 29 33 31 30 27 26 28 27 31 31 26 23 19 20 22 23 23 24 25 28 28
0 0 0 0 0 0 0 0 0 0 0 0 0 0 0 0 0 0 0 0 0 0 0 0 0 0 0 0 0 0 0 0 0 0 0 0 0 0 0 0 0 0 0 0 0 0 0 0 0 0 0 0 0 0 0 0 0 0 0 0 1 3 7 10 10 10 12 15 15 18 22 25 27 29 26 27 30 31 25 23 26 26 23 28 33 27 25 25 24 23 29 27 24 23 26 28
0 0 0 0 0 0 0 0 0 0 0 0 0 0 0 0 0 0 0 0 0 0 0 0 0 0 0 0 0 0 0 0 0 0 0 0 0 0 0 0 0 0 0 0 0 0 0 0 0 0 0 0 0 0 0 0 0 0 0 0 4 5 10 11 9 9 15 17 18 19 21 23 27 30 29 31 35 25 24 24 24 23 25 32 29 26 25 23 24 24 25 30 28 26 24 25
0 0 0 0 0 0 0 0 0 0 0 0 0 0 0 0 0 0 0 0 0 0 0 0 0 0 0 0 0 0 0 0 0 0 0 0 0 0 0 0 0 0 0 0 0 0 0 0 0 0 0 0 0 0 0 0 0 0 0 3 4 7 14 18 15 16 18 19 22 22 20 24 28 29 31 30 30 25 21 24 24 24 22 24 22 21 21 24 26 26 27 28 26 25 25 26
0 0 0 0 0 0 0 0 0 0 0 0 0 0 0 0 0 0 0 0 0 0 0 0 0 0 0 0 0 0 0 0 0 0 0 0 0 0 0 0 0 0 0 0 0 0 0 0 0 0 0 0 0 0 0 0 0 0 3 5 6 14 16 16 16 15 15 19 22 22 22 22 23 27 34 33 23 24 24 26 23 24 19 22 22 21 23 27 27 28 30 29 26 26 28 32
0 0 0 0 0 0 0 0 0 0 0 0 0 0 0 0 0 0 0 0 0 0 0 0 0 0 0 0 0 0 0 0 0 0 0 0 0 0 0 0 0 0 0 0 0 0 0 0 0 0 0 0 0 0 0 0 0 1 10 6 8 16 16 16 16 17 16 19 22 21 21 23 22 24 30 26 24 24 23 23 24 25 19 22 19 20 25 27 26 28 31 30 27 26 25 28
0 0 0 0 0 0 0 0 0 0 0 0 0 0 0 0 0 0 0 0 0 0 0 0 0 0 0 0 0 0 0 0 0 0 0 0 0 0 0 0 0 0 0 0 0 0 0 0 0 0 0 0 0 0 0 0 0 5 9 4 10 14 16 17 15 18 20 21 24 22 20 22 23 22 23 23 24 26 24 22 28 24 19 16 18 21 24 26 25 25 26 32 30 27 28 30
0 0 0 0 0 0 0 0 0 0 0 0 0 0 0 0 0 0 0 0 0 0 0 0 0 0 0 0 0 0 0 0 0 0 0 0 0 0 0 0 0 0 0 0 0 0 0 0 0 0 0 0 0 0 0 0 2 4 4 9 11 15 18 21 20 19 23 27 29 26 22 22 23 23 24 25 24 25 25 21 20 20 21 19 18 23 22 25 24 27 31 38 32 26 29 30
0 0 0 0 0 0 0 0 0 0 0 0 0 0 0 0 0 0 0 0 0 0 0 0 0 0 0 0 0 0 0 0 0 0 0 0 0 0 0 0 0 0 0 0 0 0 0 0 0 0 0 0 0 0 0 0 4 3 5 14 19 21 20 19 18 22 27 30 32 29 25 22 22 23 23 25 24 25 25 23 24 23 19 19 20 21 23 25 25 26 29 33 29 28 31 30
0 0 0 0 0 0 0 0 0 0 0 0 0 0 0 0 0 0 0 0 0 0 0 0 0 0 0 0 0 0 0 0 0 0 0 0 0 0 0 0 0 0 0 0 0 0 0 0 0 0 0 0 0 0 0 3 9 5 5 11 17 16 15 18 21 25 29 33 33 32 28 26 21 22 24 23 24 26 25 25 27 27 24 19 21 22 22 24 26 26 26 27 28 30 30 29
0 0 0 0 0 0 0 0 0 0 0 0 0 0 0 0 0 0 0 0 0 0 0 0 0 0 0 0 0 0 0 0 0 0 0 0 0 0 0 0 0 0 0 0 0 0 0 0 0 0 0 0 0 0 2 9 9 4 4 2 11 16 18 22 22 24 34 37 36 32 30 26 21 22 23 22 24 26 27 28 29 29 19 16 20 23 23 24 26 26 26 27 31 32 31 34
0 0 0 0 0 0 0 0 0 0 0 0 0 0 0 0 0 0 0 0 0 0 0 0 0 0 0 0 0 0 0 0 0 0 0 0 0 0 0 0 0 0 0 0 0 0 0 0 0 0 0 0 0 1 6 10 8 8 10 8 11 16 19 22 21 24 31 34 35 33 31 28 27 25 24 23 22 27 31 26 30 24 17 16 16 17 20 23 25 24 26 29 33 34 36 31
0 0 0 0 0 0 0 0 0 0 0 0 0 0 0 0 0 0 0 0 0 0 0 0 0 0 0 0 0 0 0 0 0 0 0 0 0 0 0 0 0 0 0 0 0 0 0 0 0 0 0 0 0 6 11 8 7 8 10 14 12 16 19 21 23 27 31 34 33 31 30 29 29 28 27 25 24 30 30 29 24 23 23 20 16 12 14 18 23 21 22 26 27 30 35 33
0 0 0 0 0 0 0 0 0 0 0 0 0 0 0 0 0 0 0 0 0 0 0 0 0 0 0 0 0 0 0 0 0 0 0 0 0 0 0 0 0 0 0 0 0 0 0 0 0 0 0 0 0 3 6 5 10 13 13 14 15 18 18 17 21 22 28 35 38 32 30 29 29 27 26 26 28 33 34 29 20 18 22 21 21 17 14 17 21 22 21 31 31 27 27 29
0 0 0 0 0 0 0 0 0 0 0 0 0 0 0 0 0 0 0 0 0 0 0 0 0 0 0 0 0 0 0 0 0 0 0 0 0 0 0 0 0 0 0 0 0 0 0 0 0 0 0 0 1 5 3 5 8 10 10 14 18 20 19 17 19 21 27 28 30 33 40 36 31 29 28 27 32 29 33 25 19 18 19 24 24 17 15 23 22 24 27 28 29 28 31 36
0 0 0 0 0 0 0 0 0 0 0 0 0 0 0 0 0 0 0 0 0 0 0 0 0 0 0 0 0 0 0 0 0 0 0 0 0 0 0 0 0 0 0 0 0 0 0 0 0 0 0 0 2 7 6 6 10 11 12 13 15 18 18 20 20 21 23 26 27 29 28 33 32 32 29 30 33 29 26 21 21 17 19 20 22 19 25 31 27 27 23 25 31 30 33 40
0 0 0 0 0 0 0 0 0 0 0 0 0 0 0 0 0 0 0 0 0 0 0 0 0 0 0 0 0 0 0 0 0 0 0 0 0 0 0 0 0 0 0 0 0 0 0 0 0 0 0 1 3 3 4 5 9 13 17 18 18 21 23 23 24 24 24 26 28 28 30 30 30 34 34 34 32 29 26 23 23 23 24 21 20 21 38 38 31 30 28 28 35 38 27 37
0 0 0 0 0 0 0 0 0 0 0 0 0 0 0 0 0 0 0 0 0 0 0 0 0 0 0 0 0 0 0 0 0 0 0 0 0 0 0 0 0 0 0 0 0 0 0 0 0 0 1 4 5 2 6 6 9 17 23 24 25 26 26 23 20 20 20 23 24 27 27 26 26 28 29 34 35 29 33 25 19 21 25 26 24 24 38 29 28 35 34 31 38 43 36 39
0 0 0 0 0 0 0 0 0 0 0 0 0 0 0 0 0 0 0 0 0 0 0 0 0 0 0 0 0 0 0 0 0 0 0 0 0 0 0 0 0 0 0 0 0 0 0 0 0 0 4 8 6 7 5 6 10 16 20 23 25 25 26 25 21 20 19 19 23 21 24 20 24 25 25 29 30 26 30 26 26 23 25 27 23 23 24 31 27 30 33 38 40 42 46 45
0 0 0 0 0 0 0 0 0 0 0 0 0 0 0 0 0 0 0 0 0 0 0 0 0 0 0 0 0 0 0 0 0 0 0 0 0 0 0 0 0 0 0 0 0 0 0 0 0 1 5 7 6 9 10 11 12 13 18 20 23 25 25 23 19 20 17 19 25 22 19 21 23 21 20 27 28 26 29 25 29 28 26 22 26 29 24 26 31 33 33 35 36 43 46 42
0 0 0 0 0 0 0 0 0 0 0 0 0 0 0 0 0 0 0 0 0 0 0 0 0 0 0 0 0 0 0 0 0 0 0 0 0 0 0 0 0 0 0 0 0 0 0 0 0 3 5 6 9 12 10 13 15 17 18 18 17 18 19 18 18 19 19 15 23 26 21 25 23 23 22 26 29 30 27 25 26 28 26 27 30 29 28 27 30 33 38 40 40 43 43 40
0 0 0 0 0 0 0 0 0 0 0 0 0 0 0 0 0 0 0 0 0 0 0 0 0 0 0 0 0 0 0 0 0 0 0 0 0 0 0 0 0 0 0 0 0 0 0 0 1 7 4 7 15 16 14 16 17 18 17 16 17 20 19 18 17 12 16 18 18 23 24 26 24 23 22 22 25 28 24 30 28 27 28 27 30 31 30 33 33 36 41 44 41 40 37 30
0 0 0 0 0 0 0 0 0 0 0 0 0 0 0 0 0 0 0 0 0 0 0 0 0 0 0 0 0 0 0 0 0 0 0 0 0 0 0 0 0 0 0 0 0 0 0 0 2 7 7 11 19 17 18 19 19 18 18 14 14 17 21 18 17 15 18 17 24 23 25 26 25 25 28 25 23 28 26 27 24 25 25 27 28 33 29 30 32 37 45 43 41 35 35 27
0 0 0 0 0 0 0 0 0 0 0 0 0 0 0 0 0 0 0 0 0 0 0 0 0 0 0 0 0 0 0 0 0 0 0 0 0 0 0 0 0 0 0 0 0 0 0 1 1 4 12 17 20 18 18 20 18 16 17 18 14 15 19 15 16 16 16 18 23 28 26 26 26 27 29 25 24 26 26 25 23 27 29 31 26 29 29 27 32 33 38 39 40 32 31 33
0 0 0 0 0 0 0 0 0 0 0 0 0 0 0 0 0 0 0 0 0 0 0 0 0 0 0 0 0 0 0 0 0 0 0 0 0 0 0 0 0 0 0 0 0 0 0 1 3 7 19 21 18 18 19 18 18 15 16 17 17 18 17 16 17 20 22 22 22 26 28 29 30 32 32 28 30 28 27 25 25 28 32 32 30 30 30 35 34 32 34 40 42 33 32 33
0 0 0 0 0 0 0 0 0 0 0 0 0 0 0 0 0 0 0 0 0 0 0 0 0 0 0 0 0 0 0 0 0 0 0 0 0 0 0 0 0 0 0 0 0 0 2 2 8 11 17 18 18 17 18 18 20 16 15 21 18 17 17 17 19 24 28 26 29 32 33 33 34 35 36 28 30 31 26 27 27 27 32 38 35 28 31 37 37 39 35 38 38 35 32 35
0 0 0 0 0 0 0 0 0 0 0 0 0 0 0 0 0 0 0 0 0 0 0 0 0 0 0 0 0 0 0 0 0 0 0 0 0 0 0 0 0 0 0 0 0 0 -2 3 10 15 16 15 15 15 17 16 19 15 14 20 21 21 18 18 16 20 26 24 32 35 35 36 36 37 32 27 28 30 29 31 29 29 33 35 33 32 27 35 37 38 35 36 39 33 31 35
0 0 0 0 0 0 0 0 0 0 0 0 0 0 0 0 0 0 0 0 0 0 0 0 0 0 0 0 0 0 0 0 0 0 0 0 0 0 0 0 0 0 0 0 0 1 1 5 11 16 15 15 12 14 17 15 17 17 18 21 20 17 19 22 19 22 30 26 31 34 38 36 35 34 29 25 25 30 36 35 32 31 32 38 37 36 34 30 34 36 35 38 41 38 35 30
0 0 0 0 0 0 0 0 0 0 0 0 0 0 0 0 0 0 0 0 0 0 0 0 0 0 0 0 0 0 0 0 0 0 0 0 0 0 0 0 0 0 0 0 1 1 2 10 11 11 10 11 11 16 17 15 13 17 20 22 20 19 19 23 21 25 32 30 29 30 34 33 34 34 30 26 23 27 32 35 34 33 36 40 39 39 40 33 34 36 33 35 40 38 38 35
0 0 0 0 0 0 0 0 0 0 0 0 0 0 0 0 0 0 0 0 0 0 0 0 0 0 0 0 0 0 0 0 0 0 0 0 0 0 0 0 0 0 0 0 6 6 10 13 10 7 9 11 12 14 17 15 17 17 18 21 19 19 19 24 26 27 32 33 32 32 33 34 31 31 27 28 24 29 30 33 34 35 40 43 38 40 40 40 41 32 35 36 35 37 44 38
0 0 0 0 0 0 0 0 0 0 0 0 0 0 0 0 0 0 0 0 0 0 0 0 0 0 0 0 0 0 0 0 0 0 0 0 0 0 0 0 0 0 0 1 2 6 14 13 9 8 10 17 16 16 16 15 14 15 21 23 20 20 23 26 31 33 33 34 32 30 31 31 24 26 30 32 26 30 34 36 37 38 37 41 41 42 44 45 47 41 40 39 36 41 43 39
0 0 0 0 0 0 0 0 0 0 0 0 0 0 0 0 0 0 0 0 0 0 0 0 0 0 0 0 0 0 0 0 0 0 0 0 0 0 0 0 0 0 1 4 5 8 13 12 11 12 14 16 15 11 13 16 16 19 22 21 20 25 29 33 34 33 32 33 27 24 25 25 20 23 26 30 34 30 31 32 41 41 43 44 41 41 44 44 46 44 40 37 40 43 41 39
0 0 0 0 0 0 0 0 0 0 0 0 0 0 0 0 0 0 0 0 0 0 0 0 0 0 0 0 0 0 0 0 0 0 0 0 0 0 0 0 0 0 3 3 8 10 9 9 13 14 14 14 15 15 15 18 19 21 23 21 21 27 31 34 32 30 33 33 27 24 27 27 22 22 21 25 31 30 35 43 40 40 46 47 43 43 42 38 43 43 43 42 43 39 37 34
0 0 0 0 0 0 0 0 0 0 0 0 0 0 0 0 0 0 0 0 0 0 0 0 0 0 0 0 0 0 0 0 0 0 0 0 0 0 0 0 0 2 5 2 6 8 7 10 13 13 12 14 14 15 18 20 21 24 24 22 23 25 30 33 35 33 29 33 30 24 27 25 21 22 24 26 32 32 36 39 42 40 41 46 41 42 45 42 47 43 40 40 39 37 35 32
0 0 0 0 0 0 0 0 0 0 0 0 0 0 0 0 0 0 0 0 0 0 0 0 0 0 0 0 0 0 0 0 0 0 0 0 0 0 0 0 0 7 7 5 7 8 9 11 15 13 11 11 14 15 17 21 20 27 24 24 29 31 36 38 37 33 27 25 21 23 21 21 19 24 31 26 34 35 37 39 39 36 42 45 41 40 44 41 43 44 42 39 33 33 34 38
0 0 0 0 0 0 0 0 0 0 0 0 0 0 0 0 0 0 0 0 0 0 0 0 0 0 0 0 0 0 0 0 0 0 0 0 0 0 0 0 1 6 7 8 7 7 10 14 14 16 15 16 17 20 22 22 19 26 23 21 26 33 34 35 33 33 30 26 26 26 25 21 22 29 30 31 36 35 34 43 41 38 45 46 45 43 44 41 47 45 36 33 31 29 30 30
0 0 0 0 0 0 0 0 0 0 0 0 0 0 0 0 0 0 0 0 0 0 0 0 0 0 0 0 0 0 0 0 0 0 0 0 0 0 0 1 4 9 8 9 7 9 13 13 14 17 20 20 22 25 24 23 19 26 29 29 31 34 34 31 28 27 29 28 26 35 28 22 29 35 29 31 34 40 37 39 41 39 41 45 46 42 45 38 43 42 36 30 30 29 29 28
0 0 0 0 0 0 0 0 0 0 0 0 0 0 0 0 0 0 0 0 0 0 0 0 0 0 0 0 0 0 0 0 0 0 0 0 0 0 0 3 6 6 9 8 9 12 15 15 15 16 19 21 24 27 27 23 20 23 28 32 33 32 32 29 24 24 25 26 31 30 30 25 28 30 28 31 34 37 36 38 39 42 44 43 42 39 38 37 36 36 34 31 32 30 30 29
0 0 0 0 0 0 0 0 0 0 0 0 0 0 0 0 0 0 0 0 0 0 0 0 0 0 0 0 0 0 0 0 0 0 0 0 0 0 3 6 7 8 11 8 10 13 13 13 12 15 14 12 16 20 25 24 20 17 18 24 28 31 31 30 22 23 20 22 29 31 27 31 31 30 29 38 40 36 38 41 44 44 43 39 40 40 38 34 34 33 32 33 33 33 34 33
0 0 0 0 0 0 0 0 0 0 0 0 0 0 0 0 0 0 0 0 0 0 0 0 0 0 0 0 0 0 0 0 0 0 0 0 0 2 5 3 1 3 8 8 7 9 9 9 12 16 12 10 5 8 14 22 18 19 21 24 28 28 29 27 26 30 24 20 24 26 25 28 31 31 29 33 38 39 39 41 42 42 42 39 40 38 37 34 34 36 34 36 35 34 35 34
0 0 0 0 0 0 0 0 0 0 0 0 0 0 0 0 0 0 0 0 0 0 0 0 0 0 0 0 0 0 0 0 0 0 0 0 0 4 6 4 1 3 6 5 6 7 9 13 16 14 11 7 6 13 20 21 21 21 23 25 27 28 29 31 30 33 30 28 23 26 26 29 29 33 38 39 38 40 40 39 40 40 42 41 41 41 39 38 37 37 38 39 37 37 35 35
0 0 0 0 0 0 0 0 0 0 0 0 0 0 0 0 0 0 0 0 0 0 0 0 0 0 0 0 0 0 0 0 0 0 0 0 2 6 6 6 5 6 6 5 5 7 11 20 17 8 8 9 17 24 22 19 19 23 27 30 29 31 31 38 34 30 28 29 32 34 30 30 31 37 39 39 41 39 42 41 40 42 42 43 43 44 43 40 40 41 45 43 40 37 37 36
0 0 0 0 0 0 0 0 0 0 0 0 0 0 0 0 0 0 0 0 0 0 0 0 0 0 0 0 0 0 0 0 0 0 0 0 2 5 4 3 6 5 5 4 5 9 12 18 15 12 9 12 20 19 20 19 20 21 29 34 30 29 25 31 34 26 28 27 32 30 37 39 36 36 39 42 41 41 41 41 42 46 49 45 46 46 47 43 41 44 48 44 41 37 36 35
0 0 0 0 0 0 0 0 0 0 0 0 0 0 0 0 0 0 0 0 0 0 0 0 0 0 0 0 0 0 0 0 0 0 1 2 2 5 5 5 6 4 5 5 5 10 14 15 10 10 7 14 19 16 16 18 19 22 27 30 29 30 29 30 31 26 27 30 30 32 38 38 39 38 39 42 42 41 44 42 43 47 49 47 50 48 45 43 42 44 44 42 39 40 40 43
0 0 0 0 0 0 0 0 0 0 0 0 0 0 0 0 0 0 0 0 0 0 0 0 0 0 0 0 0 0 0 0 0 0 1 3 1 2 4 3 5 4 3 4 6 9 12 10 9 6 10 17 13 13 14 17 23 28 27 26 30 28 33 34 32 27 31 35 35 34 36 36 35 37 40 44 46 49 47 45 45 46 49 50 48 46 42 44 46 46 44 40 40 42 43 45
0 0 0 0 0 0 0 0 0 0 0 0 0 0 0 0 0 0 0 0 0 0 0 0 0 0 0 0 0 0 0 0 0 0 -1 1 3 -1 2 3 5 6 3 3 6 9 11 9 7 7 10 10 8 10 12 18 24 25 24 26 28 28 30 31 31 30 33 38 36 33 33 35 33 36 39 42 44 48 49 47 47 49 49 45 44 44 46 47 51 48 44 41 41 40 43 47
0 0 0 0 0 0 0 0 0 0 0 0 0 0 0 0 0 0 0 0 0 0 0 0 0 0 0 0 0 0 0 0 0 -1 0 4 2 2 3 3 4 4 5 6 7 9 11 9 7 9 11 9 10 12 12 15 18 20 23 27 30 32 32 30 33 35 35 34 34 30 32 32 34 37 39 43 46 51 51 49 48 49 46 43 41 40 44 47 48 46 44 42 41 41 44 44
0 0 0 0 0 0 0 0 0 0 0 0 0 0 0 0 0 0 0 0 0 0 0 0 0 0 0 0 0 0 0 0 0 -1 2 3 4 3 3 3 3 4 6 6 6 7 7 7 8 10 10 10 12 13 14 17 20 22 22 25 31 33 34 30 32 33 33 33 31 30 32 35 39 41 43 47 49 52 51 48 47 46 44 43 41 41 43 44 42 42 39 38 38 38 40 41
0 0 0 0 0 0 0 0 0 0 0 0 0 0 0 0 0 0 0 0 0 0 0 0 0 0 0 0 0 0 0 0 1 1 -1 1 3 4 5 4 4 3 5 5 7 7 3 8 10 11 11 10 13 16 20 23 23 22 23 26 27 31 35 32 33 34 34 32 29 31 34 40 43 45 48 52 51 51 50 48 44 45 47 46 44 40 40 40 39 39 40 38 37 36 39 41
0 0 0 0 0 0 0 0 0 0 0 0 0 0 0 0 0 0 0 0 0 0 0 0 0 0 0 0 0 0 0 2 2 6 5 6 5 6 5 4 4 4 5 5 7 9 7 9 10 10 10 11 14 17 19 21 20 21 23 26 25 29 31 34 34 31 32 28 29 32 36 40 43 48 50 53 51 50 49 48 49 53 51 49 45 42 37 37 36 37 39 38 34 35 37 40
0 0 0 0 0 0 0 0 0 0 0 0 0 0 0 0 0 0 0 0 0 0 0 0 0 0 0 0 0 0 1 2 2 2 6 5 4 7 6 5 5 6 6 7 8 7 6 9 11 9 11 12 13 13 17 20 20 22 25 24 25 29 32 35 33 30 29 27 30 33 35 40 43 47 49 48 47 47 44 46 50 51 48 46 43 41 38 37 36 36 36 36 35 35 35 38
0 0 0 0 0 0 0 0 0 0 0 0 0 0 0 0 0 0 0 0 0 0 0 0 0 0 0 0 0 0 1 1 1 2 3 5 8 10 6 5 5 7 9 7 8 7 6 8 10 11 11 11 12 14 17 19 19 22 25 24 25 29 29 32 29 28 27 28 31 34 34 41 45 46 45 45 46 44 44 46 47 46 43 40 39 38 36 36 35 34 33 34 34 34 35 40
0 0 0 0 0 0 0 0 0 0 0 0 0 0 0 0 0 0 0 0 0 0 0 0 0 0 0 0 0 0 0 3 5 6 5 8 8 6 4 6 7 9 9 8 7 7 6 7 9 11 11 11 12 15 16 18 20 22 23 21 24 29 28 26 24 23 25 27 32 33 37 44 44 42 43 45 46 43 41 41 41 42 39 36 34 34 34 33 33 32 32 33 34 34 36 38
0 0 0 0 0 0 0 0 0 0 0 0 0 0 0 0 0 0 0 0 0 0 0 0 0 0 0 0 1 2 2 7 10 6 6 9 9 6 6 6 8 10 8 7 9 7 8 8 9 10 13 16 15 16 16 18 21 22 22 21 23 25 22 21 21 21 24 26 30 33 36 38 39 41 43 45 47 45 40 38 37 39 35 33 33 34 34 33 33 35 36 36 35 35 38 38
0 0 0 0 0 0 0 0 0 0 0 0 0 0 0 0 0 0 0 0 0 0 0 0 0 0 0 0 4 6 6 14 11 9 8 11 10 8 8 7 10 14 10 9 10 8 9 9 10 12 16 18 17 15 15 17 21 19 19 22 21 20 21 20 21 21 24 25 26 29 31 31 37 41 43 45 47 45 39 34 34 32 31 32 31 31 32 30 32 33 35 39 39 37 37 38
0 0 0 0 0 0 0 0 0 0 0 0 0 0 0 0 0 0 0 0 0 0 0 0 0 0 0 2 3 6 12 13 8 10 12 13 11 9 9 9 11 16 13 10 11 13 10 10 10 12 15 18 17 18 20 19 21 21 21 20 19 20 21 22 22 23 23 26 26 26 29 33 38 41 41 41 41 39 36 32 32 31 29 30 29 30 31 31 34 36 35 38 41 41 39 38
0 0 0 0 0 0 0 0 0 0 0 0 0 0 0 0 0 0 0 0 0 0 0 0 0 0 0 3 5 7 9 8 8 11 13 14 12 10 7 7 13 16 14 11 10 11 10 10 12 12 18 24 24 24 23 23 20 23 23 20 21 21 22 23 26 26 25 25 26 29 31 35 37 39 37 35 34 33 32 31 32 31 30 31 30 30 32 34 37 39 39 40 42 44 42 39
0 0 0 0 0 0 0 0 0 0 0 0 0 0 0 0 0 0 0 0 0 0 0 0 0 0 1 3 4 9 11 11 12 13 15 15 12 11 11 13 15 17 15 12 11 11 9 10 12 12 18 26 24 22 23 23 22 25 24 22 23 23 24 24 26 26 26 27 30 34 32 33 34 36 32 30 29 30 31 28 28 30 29 30 28 28 34 37 39 40 41 42 43 44 44 40
0 0 0 0 0 0 0 0 0 0 0 0 0 0 0 0 0 0 0 0 0 0 0 0 0 0 3 4 7 10 9 13 15 18 19 18 13 12 10 18 24 22 16 14 12 11 12 10 11 13 16 17 18 20 22 24 24 24 21 19 22 24 24 24 25 25 25 30 32 34 32 30 32 32 30 30 29 28 28 27 26 27 28 28 29 32 37 39 43 41 43 44 45 44 43 41
0 0 0 0 0 0 0 0 0 0 0 0 0 0 0 0 0 0 0 0 0 0 0 0 0 0 4 7 10 9 9 13 17 20 22 18 16 14 16 24 25 23 20 18 15 11 11 10 11 12 13 14 18 20 21 23 25 24 24 22 21 21 23 23 25 27 28 31 34 32 28 27 27 27 26 26 27 27 26 26 25 27 29 28 29 32 38 41 43 44 43 43 45 47 46 46
