ViewShed-Visualize/viewshed_visualize2/raster11.asc
ncols        903
nrows        755
xllcorner    35.397083333284
yllcorner    32.958750000006
cellsize     0.000833333333
NODATA_value -32768
[rows 200 to 239 of 755, columns 637 to 727 of 903]
1621 1622 1607 1619 1626 1623 1615 1597 1578 1558 1565 1569 1573 1568 1558 1543 1526 1511 1502 1503 1506 1509 1516 1523 1531 1536 1529 1514 1492 1462 1436 1408 1390 1377 1373 1370 1378 1400 1420 1423 1412 1415 1430 1441 1447 1462 1485 1492 1497 1501 1506 1505 1508 1508 1485 1462 1462 1470 1464 1448 1434 1427 1418 1401 1365 1329 1299 1274 1248 1222 1203 1195 1193 1186 1179 1171 1158 1147 1138 1136 1137 1139 1139 1139 1137 1132 1118 1110 1105 1098 1093
1666 1656 1645 1645 1646 1633 1617 1604 1588 1586 1589 1587 1574 1553 1538 1526 1524 1530 1534 1542 1551 1561 1567 1567 1561 1553 1535 1516 1503 1483 1454 1431 1418 1408 1387 1362 1355 1365 1378 1393 1391 1389 1397 1403 1421 1441 1458 1474 1482 1491 1502 1493 1497 1495 1467 1434 1429 1429 1430 1430 1423 1422 1424 1415 1394 1367 1322 1286 1257 1231 1205 1187 1181 1179 1175 1169 1162 1150 1145 1134 1130 1127 1124 1122 1121 1118 1108 1103 1101 1098 1095
1707 1682 1675 1674 1667 1648 1645 1638 1628 1614 1607 1586 1560 1543 1540 1551 1563 1575 1583 1589 1598 1610 1605 1587 1576 1569 1550 1536 1524 1505 1484 1470 1458 1440 1411 1380 1350 1338 1345 1358 1363 1366 1367 1374 1391 1404 1420 1446 1463 1475 1474 1463 1465 1471 1445 1410 1393 1382 1377 1377 1380 1382 1384 1380 1372 1352 1314 1282 1253 1227 1205 1186 1173 1169 1166 1161 1155 1151 1146 1141 1134 1132 1132 1126 1120 1116 1114 1119 1121 1117 1111
1705 1691 1682 1672 1667 1660 1651 1643 1636 1618 1596 1571 1552 1556 1575 1597 1612 1624 1634 1638 1638 1631 1614 1597 1586 1576 1562 1543 1527 1512 1501 1484 1468 1445 1420 1393 1361 1334 1327 1337 1347 1348 1342 1349 1365 1380 1398 1420 1439 1449 1439 1424 1429 1427 1406 1377 1354 1342 1334 1332 1333 1336 1336 1331 1324 1312 1290 1265 1241 1216 1198 1181 1168 1165 1161 1154 1150 1147 1143 1138 1132 1134 1137 1139 1136 1130 1128 1128 1130 1127 1122
1708 1704 1691 1671 1650 1641 1638 1632 1620 1602 1582 1562 1567 1590 1621 1645 1665 1676 1678 1674 1663 1646 1630 1614 1604 1590 1569 1549 1537 1518 1499 1480 1459 1436 1413 1386 1362 1340 1326 1323 1328 1326 1322 1326 1349 1366 1379 1395 1404 1408 1400 1389 1394 1386 1368 1346 1325 1310 1299 1294 1293 1292 1291 1288 1285 1276 1263 1242 1221 1206 1188 1171 1162 1160 1157 1149 1146 1142 1141 1137 1129 1127 1132 1135 1137 1129 1126 1125 1126 1125 1122
1714 1707 1685 1662 1641 1624 1620 1614 1605 1591 1583 1588 1603 1632 1665 1692 1710 1717 1717 1705 1687 1669 1656 1650 1643 1628 1597 1582 1563 1536 1514 1495 1469 1446 1421 1400 1386 1364 1337 1315 1309 1307 1304 1309 1326 1339 1352 1361 1368 1367 1358 1353 1357 1353 1338 1313 1298 1287 1276 1266 1264 1264 1262 1257 1255 1249 1235 1218 1205 1190 1181 1165 1156 1151 1149 1146 1139 1136 1132 1131 1125 1121 1122 1126 1129 1129 1122 1114 1114 1112 1108
1700 1694 1677 1661 1648 1627 1611 1600 1599 1612 1621 1629 1647 1672 1706 1736 1752 1752 1744 1736 1717 1694 1689 1690 1688 1670 1643 1618 1590 1564 1538 1515 1491 1477 1464 1450 1435 1405 1372 1337 1316 1299 1290 1289 1294 1310 1323 1332 1339 1337 1325 1322 1329 1325 1311 1289 1274 1267 1261 1248 1240 1239 1239 1234 1231 1226 1216 1198 1189 1178 1167 1157 1149 1146 1141 1140 1135 1129 1125 1122 1120 1116 1113 1114 1117 1120 1119 1111 1102 1099 1090
1702 1699 1699 1697 1674 1638 1630 1632 1634 1641 1658 1666 1689 1711 1740 1763 1776 1769 1758 1752 1745 1736 1734 1734 1719 1696 1677 1653 1636 1614 1582 1557 1543 1540 1536 1511 1482 1443 1406 1374 1352 1330 1306 1286 1275 1277 1289 1301 1310 1311 1300 1298 1303 1301 1288 1271 1259 1250 1245 1238 1230 1224 1223 1220 1216 1203 1196 1184 1173 1167 1163 1161 1162 1160 1151 1147 1143 1134 1127 1124 1120 1114 1110 1106 1105 1107 1109 1111 1105 1100 1088
1737 1728 1724 1710 1682 1658 1664 1667 1667 1677 1683 1698 1718 1734 1750 1765 1764 1754 1744 1742 1745 1751 1759 1765 1760 1747 1732 1717 1695 1657 1616 1592 1596 1602 1578 1544 1504 1461 1433 1410 1372 1352 1336 1312 1280 1264 1265 1274 1286 1293 1288 1279 1279 1275 1267 1252 1245 1238 1233 1227 1221 1213 1210 1207 1202 1189 1181 1176 1174 1174 1178 1180 1180 1177 1170 1163 1152 1145 1137 1133 1133 1127 1117 1110 1105 1098 1096 1098 1103 1100 1089
1754 1742 1729 1709 1697 1699 1700 1700 1704 1710 1719 1728 1737 1736 1738 1741 1743 1733 1720 1719 1730 1745 1769 1797 1811 1801 1782 1750 1717 1684 1659 1649 1644 1628 1596 1554 1521 1494 1460 1428 1389 1365 1350 1324 1296 1275 1260 1255 1263 1276 1282 1274 1269 1262 1255 1247 1240 1234 1227 1221 1214 1207 1204 1199 1191 1185 1181 1181 1184 1187 1190 1192 1189 1183 1179 1172 1167 1163 1152 1148 1143 1143 1133 1122 1113 1103 1097 1094 1091 1089 1084
1749 1731 1713 1703 1711 1726 1731 1738 1729 1734 1740 1744 1742 1727 1712 1708 1713 1704 1693 1701 1713 1738 1772 1809 1821 1809 1789 1763 1746 1727 1712 1692 1666 1631 1593 1557 1533 1503 1468 1435 1405 1385 1355 1329 1308 1289 1267 1249 1247 1256 1275 1279 1277 1271 1261 1256 1251 1249 1242 1235 1225 1213 1202 1195 1194 1190 1187 1187 1184 1185 1184 1185 1185 1182 1178 1174 1174 1171 1163 1151 1142 1143 1141 1133 1124 1115 1108 1098 1090 1084 1082
1728 1703 1692 1700 1716 1734 1744 1743 1733 1719 1719 1725 1727 1716 1689 1675 1679 1678 1667 1674 1694 1727 1765 1806 1821 1808 1791 1773 1758 1741 1715 1684 1643 1606 1571 1541 1513 1490 1463 1430 1404 1377 1349 1325 1304 1289 1268 1247 1240 1246 1264 1279 1281 1279 1264 1259 1257 1257 1254 1247 1231 1215 1206 1206 1209 1204 1197 1193 1189 1184 1180 1176 1172 1170 1167 1165 1164 1161 1155 1145 1135 1132 1130 1123 1118 1116 1112 1106 1097 1090 1087
1697 1679 1677 1689 1703 1721 1729 1719 1704 1687 1683 1685 1692 1693 1673 1650 1647 1647 1640 1656 1678 1707 1751 1798 1817 1803 1787 1770 1755 1734 1694 1659 1618 1582 1546 1509 1478 1453 1428 1406 1386 1367 1348 1326 1306 1287 1266 1248 1234 1237 1258 1271 1274 1275 1264 1254 1250 1249 1249 1245 1239 1229 1222 1221 1217 1210 1203 1201 1199 1197 1189 1181 1174 1168 1160 1156 1152 1148 1141 1135 1129 1124 1122 1118 1111 1105 1101 1098 1092 1084 1081
1673 1660 1665 1676 1690 1705 1707 1687 1669 1647 1638 1639 1645 1650 1644 1631 1620 1622 1621 1635 1656 1686 1730 1775 1792 1786 1767 1756 1747 1727 1681 1642 1593 1554 1516 1480 1448 1423 1398 1384 1366 1353 1341 1323 1310 1297 1279 1251 1231 1231 1247 1262 1266 1267 1266 1258 1245 1239 1236 1235 1235 1235 1235 1231 1219 1209 1205 1200 1198 1198 1195 1191 1186 1176 1163 1158 1154 1151 1146 1140 1133 1130 1129 1129 1124 1113 1101 1091 1086 1082 1079
1661 1652 1655 1664 1677 1687 1681 1659 1632 1606 1595 1592 1595 1598 1600 1599 1593 1592 1595 1613 1635 1664 1706 1741 1759 1749 1735 1738 1732 1710 1678 1632 1576 1525 1490 1457 1433 1406 1383 1365 1351 1336 1326 1315 1310 1300 1292 1264 1235 1224 1235 1251 1258 1261 1262 1260 1252 1243 1231 1223 1220 1224 1229 1228 1219 1208 1205 1200 1192 1190 1188 1185 1181 1171 1157 1154 1147 1144 1143 1141 1130 1126 1126 1125 1120 1111 1099 1089 1085 1084 1089
1658 1644 1648 1660 1662 1655 1641 1619 1593 1574 1557 1549 1552 1554 1559 1560 1558 1559 1568 1588 1611 1642 1678 1711 1725 1715 1704 1713 1715 1693 1657 1623 1582 1528 1483 1452 1426 1400 1380 1359 1345 1333 1318 1312 1303 1298 1292 1279 1252 1227 1221 1231 1244 1249 1254 1257 1258 1252 1241 1227 1213 1212 1215 1217 1214 1207 1203 1200 1196 1188 1182 1176 1170 1163 1156 1153 1145 1134 1127 1126 1116 1112 1109 1107 1103 1099 1097 1097 1098 1100 1101
1652 1629 1632 1642 1632 1617 1602 1582 1568 1549 1525 1513 1513 1520 1527 1534 1530 1533 1549 1567 1588 1615 1648 1679 1690 1679 1677 1685 1686 1664 1637 1603 1573 1521 1482 1462 1436 1409 1386 1359 1341 1324 1313 1305 1295 1290 1290 1285 1266 1239 1220 1216 1223 1230 1237 1245 1251 1252 1248 1236 1219 1210 1203 1202 1200 1197 1195 1193 1191 1189 1183 1177 1172 1168 1162 1159 1153 1141 1120 1115 1114 1118 1118 1115 1113 1112 1110 1113 1112 1106 1104
1640 1617 1612 1615 1599 1586 1573 1557 1549 1527 1497 1486 1485 1490 1499 1512 1508 1518 1536 1553 1573 1595 1624 1651 1656 1646 1644 1654 1653 1636 1604 1576 1547 1509 1487 1477 1457 1426 1397 1366 1342 1322 1310 1297 1287 1280 1282 1285 1276 1256 1236 1219 1207 1207 1215 1225 1235 1243 1244 1238 1226 1216 1204 1199 1197 1192 1184 1180 1178 1174 1170 1168 1165 1156 1151 1149 1145 1134 1122 1124 1129 1133 1136 1135 1132 1125 1118 1117 1110 1103 1098
1631 1605 1588 1583 1575 1565 1550 1532 1523 1502 1482 1468 1462 1471 1482 1487 1487 1503 1516 1537 1560 1584 1610 1627 1622 1613 1616 1620 1617 1600 1568 1536 1506 1471 1452 1450 1451 1427 1400 1368 1343 1320 1304 1292 1283 1274 1273 1280 1281 1272 1258 1240 1226 1210 1201 1203 1212 1223 1233 1233 1229 1223 1214 1210 1208 1202 1197 1188 1180 1177 1168 1159 1153 1149 1145 1136 1131 1128 1134 1139 1144 1144 1143 1141 1138 1129 1121 1116 1108 1102 1101
1613 1602 1575 1554 1546 1535 1522 1509 1502 1485 1467 1454 1446 1453 1468 1467 1473 1476 1486 1508 1534 1564 1591 1604 1596 1583 1585 1588 1581 1559 1530 1501 1466 1438 1420 1415 1415 1406 1387 1363 1338 1317 1301 1286 1275 1268 1264 1271 1277 1279 1275 1261 1251 1233 1215 1196 1191 1201 1214 1224 1227 1224 1219 1213 1211 1207 1203 1196 1188 1183 1177 1170 1163 1157 1147 1138 1140 1146 1148 1150 1150 1148 1145 1141 1136 1126 1120 1117 1113 1112 1113
1604 1594 1568 1547 1530 1511 1505 1498 1484 1468 1455 1442 1431 1436 1452 1448 1446 1446 1457 1476 1507 1537 1563 1576 1570 1555 1556 1551 1541 1523 1508 1473 1440 1415 1394 1385 1385 1377 1367 1354 1339 1322 1306 1288 1271 1262 1256 1261 1269 1273 1270 1262 1259 1250 1237 1216 1195 1185 1194 1207 1215 1219 1216 1208 1207 1208 1202 1197 1184 1176 1170 1167 1160 1153 1151 1154 1154 1153 1154 1154 1151 1147 1140 1137 1132 1128 1126 1125 1124 1121 1117
1584 1581 1563 1538 1521 1495 1481 1473 1465 1456 1443 1431 1420 1420 1429 1419 1407 1410 1429 1449 1477 1506 1528 1545 1545 1533 1524 1518 1504 1489 1474 1450 1418 1396 1372 1362 1359 1354 1344 1339 1335 1324 1305 1286 1269 1257 1251 1254 1260 1263 1258 1249 1250 1253 1250 1235 1212 1189 1180 1189 1199 1208 1211 1204 1201 1198 1194 1189 1180 1174 1170 1169 1168 1167 1165 1162 1157 1155 1150 1146 1145 1144 1141 1139 1136 1133 1132 1130 1125 1122 1113
1560 1560 1548 1529 1513 1488 1462 1451 1448 1444 1431 1423 1410 1399 1403 1391 1373 1376 1396 1417 1444 1474 1501 1522 1520 1502 1485 1477 1463 1450 1432 1414 1396 1380 1367 1349 1340 1333 1324 1321 1322 1319 1308 1285 1266 1252 1242 1246 1252 1255 1252 1240 1238 1244 1247 1244 1229 1208 1187 1177 1180 1192 1201 1204 1201 1196 1193 1191 1186 1182 1182 1176 1173 1171 1165 1160 1158 1158 1150 1142 1136 1135 1136 1135 1131 1129 1130 1127 1120 1114 1112
1538 1528 1521 1508 1495 1473 1460 1445 1431 1414 1408 1403 1396 1386 1385 1374 1352 1345 1360 1379 1406 1435 1466 1494 1498 1475 1449 1437 1425 1412 1397 1382 1367 1358 1353 1346 1330 1322 1310 1305 1309 1311 1305 1287 1267 1253 1239 1241 1245 1247 1245 1235 1227 1227 1233 1237 1236 1225 1203 1184 1169 1174 1183 1194 1197 1198 1199 1196 1195 1192 1188 1183 1181 1171 1166 1161 1160 1163 1162 1154 1141 1135 1127 1124 1120 1118 1116 1114 1109 1099 1101
1514 1503 1484 1474 1460 1447 1442 1437 1428 1404 1381 1374 1376 1368 1371 1370 1349 1325 1326 1345 1371 1400 1430 1456 1468 1451 1426 1406 1394 1383 1371 1360 1343 1334 1335 1332 1320 1311 1302 1295 1297 1299 1294 1284 1266 1248 1236 1232 1238 1238 1236 1236 1225 1218 1221 1224 1229 1229 1216 1201 1182 1171 1164 1171 1183 1191 1192 1194 1194 1195 1196 1193 1186 1174 1168 1164 1161 1161 1163 1161 1151 1141 1136 1133 1128 1121 1114 1111 1105 1098 1091
1488 1475 1450 1422 1411 1396 1400 1410 1404 1383 1351 1341 1347 1341 1357 1366 1346 1318 1303 1314 1334 1359 1392 1418 1430 1427 1406 1384 1370 1359 1348 1337 1325 1316 1315 1316 1309 1300 1295 1288 1286 1287 1278 1272 1261 1245 1234 1226 1235 1236 1230 1231 1229 1217 1209 1214 1220 1223 1223 1214 1201 1185 1165 1157 1166 1180 1187 1187 1187 1190 1193 1195 1187 1174 1170 1165 1156 1154 1156 1157 1157 1151 1150 1148 1143 1135 1129 1125 1118 1110 1094
1457 1441 1418 1382 1362 1351 1354 1369 1370 1355 1321 1305 1312 1315 1337 1345 1334 1309 1284 1284 1300 1323 1346 1373 1398 1403 1393 1373 1356 1344 1332 1321 1313 1307 1302 1300 1295 1286 1285 1279 1277 1279 1267 1257 1253 1244 1226 1221 1231 1230 1226 1225 1227 1221 1206 1202 1208 1213 1213 1213 1210 1199 1176 1158 1153 1170 1183 1181 1180 1180 1181 1184 1181 1174 1168 1163 1154 1147 1147 1149 1152 1153 1152 1148 1147 1140 1137 1132 1124 1113 1102
1416 1399 1375 1344 1320 1307 1311 1331 1341 1320 1295 1275 1278 1288 1309 1307 1297 1291 1267 1255 1270 1290 1306 1328 1349 1375 1381 1369 1349 1335 1324 1311 1304 1297 1290 1286 1283 1277 1275 1270 1269 1273 1265 1253 1247 1236 1221 1216 1224 1227 1222 1219 1220 1220 1206 1194 1197 1201 1202 1203 1205 1201 1185 1161 1149 1164 1179 1180 1178 1176 1171 1170 1170 1168 1164 1160 1156 1150 1145 1139 1142 1143 1142 1137 1135 1134 1132 1130 1127 1123 1117
1368 1360 1342 1310 1276 1263 1272 1297 1313 1299 1268 1242 1241 1260 1273 1267 1257 1259 1252 1237 1244 1261 1274 1288 1312 1348 1366 1366 1355 1343 1328 1313 1304 1297 1290 1283 1273 1263 1259 1260 1257 1260 1259 1257 1252 1239 1220 1211 1216 1220 1217 1212 1214 1216 1212 1195 1188 1189 1189 1193 1192 1193 1187 1162 1148 1156 1171 1178 1179 1175 1170 1166 1162 1159 1156 1154 1152 1151 1147 1140 1137 1134 1130 1128 1124 1121 1121 1119 1119 1115 1114
1333 1327 1303 1277 1250 1221 1231 1259 1276 1274 1247 1215 1208 1221 1230 1228 1221 1226 1235 1223 1216 1228 1243 1261 1284 1312 1344 1364 1367 1363 1353 1338 1325 1314 1300 1289 1279 1264 1253 1247 1245 1247 1248 1251 1252 1244 1226 1214 1208 1211 1210 1206 1206 1211 1213 1205 1193 1182 1179 1182 1183 1182 1181 1169 1150 1143 1155 1168 1173 1172 1171 1168 1164 1160 1156 1155 1149 1143 1141 1142 1140 1140 1134 1127 1122 1115 1110 1109 1109 1106 1106
1303 1301 1286 1254 1227 1197 1204 1226 1238 1241 1237 1209 1194 1180 1188 1194 1191 1196 1207 1214 1197 1196 1215 1236 1264 1294 1329 1359 1377 1374 1366 1354 1339 1324 1310 1301 1285 1274 1265 1251 1240 1233 1230 1231 1236 1240 1236 1222 1209 1202 1201 1197 1195 1200 1206 1208 1202 1187 1176 1172 1174 1172 1173 1173 1159 1143 1138 1145 1154 1163 1169 1169 1166 1162 1157 1156 1152 1142 1136 1133 1134 1137 1138 1136 1130 1122 1117 1110 1105 1098 1098
1283 1290 1274 1245 1225 1185 1173 1184 1180 1193 1200 1200 1185 1156 1155 1163 1162 1168 1181 1193 1184 1168 1185 1210 1246 1283 1319 1354 1366 1364 1360 1350 1332 1313 1308 1304 1294 1286 1280 1264 1255 1242 1231 1221 1216 1225 1234 1229 1218 1209 1201 1195 1189 1188 1195 1204 1206 1196 1182 1169 1167 1167 1167 1171 1171 1161 1143 1133 1134 1142 1156 1164 1165 1165 1161 1157 1155 1147 1138 1132 1129 1127 1128 1130 1131 1127 1122 1118 1116 1104 1097
1248 1250 1249 1221 1200 1159 1147 1154 1150 1150 1149 1148 1139 1123 1123 1131 1136 1144 1158 1171 1166 1152 1165 1196 1232 1271 1303 1335 1354 1350 1340 1329 1314 1296 1290 1291 1294 1294 1284 1263 1256 1251 1238 1228 1214 1205 1216 1225 1226 1222 1215 1203 1193 1184 1182 1196 1206 1203 1187 1171 1163 1161 1161 1163 1167 1170 1163 1147 1132 1126 1135 1146 1153 1157 1159 1159 1158 1150 1142 1133 1129 1124 1121 1121 1124 1122 1117 1115 1112 1108 1101
1173 1180 1204 1196 1163 1161 1184 1199 1194 1180 1155 1138 1128 1123 1116 1113 1116 1118 1127 1138 1138 1138 1157 1187 1221 1252 1282 1312 1329 1328 1318 1304 1290 1275 1268 1274 1279 1283 1281 1266 1255 1246 1237 1227 1215 1198 1191 1203 1218 1223 1222 1203 1190 1184 1177 1185 1194 1199 1189 1173 1165 1157 1155 1154 1159 1163 1167 1163 1148 1134 1123 1126 1134 1142 1145 1148 1151 1150 1146 1139 1129 1122 1118 1115 1117 1114 1108 1108 1106 1103 1100
1172 1171 1171 1164 1166 1201 1221 1217 1204 1188 1171 1160 1149 1137 1124 1111 1107 1106 1107 1112 1118 1127 1147 1172 1198 1230 1262 1283 1290 1294 1299 1297 1281 1267 1253 1253 1260 1267 1272 1270 1260 1248 1238 1226 1219 1210 1188 1177 1191 1209 1216 1204 1191 1185 1174 1176 1185 1187 1186 1181 1172 1162 1152 1148 1147 1151 1159 1161 1160 1151 1134 1121 1118 1122 1125 1127 1131 1136 1140 1135 1128 1125 1118 1112 1110 1108 1104 1101 1099 1097 1094
1240 1220 1203 1185 1185 1215 1234 1229 1210 1191 1175 1164 1152 1139 1130 1120 1117 1111 1105 1103 1110 1116 1133 1155 1182 1213 1238 1252 1251 1258 1277 1291 1288 1272 1253 1239 1238 1249 1258 1263 1258 1252 1238 1221 1217 1213 1196 1169 1164 1184 1200 1200 1193 1186 1178 1171 1167 1169 1172 1177 1177 1168 1158 1153 1146 1140 1146 1156 1160 1158 1153 1142 1127 1118 1111 1109 1109 1113 1125 1131 1128 1123 1119 1117 1115 1114 1110 1106 1101 1099 1092
1244 1224 1207 1201 1210 1230 1242 1234 1214 1195 1181 1167 1157 1154 1146 1137 1131 1125 1115 1103 1099 1100 1115 1132 1156 1181 1205 1217 1214 1226 1249 1274 1285 1275 1258 1240 1224 1229 1239 1245 1245 1240 1229 1212 1208 1205 1198 1173 1149 1158 1178 1191 1189 1189 1189 1184 1172 1164 1160 1165 1172 1174 1164 1161 1154 1141 1135 1142 1152 1154 1153 1152 1146 1138 1128 1118 1104 1101 1112 1124 1127 1122 1117 1114 1113 1111 1112 1113 1110 1106 1104
1242 1232 1227 1226 1233 1241 1239 1227 1214 1199 1188 1175 1175 1178 1177 1172 1160 1152 1132 1118 1106 1098 1097 1105 1127 1152 1170 1182 1183 1199 1228 1253 1273 1274 1258 1244 1221 1209 1214 1222 1225 1222 1217 1207 1191 1182 1183 1170 1142 1137 1161 1182 1185 1189 1194 1193 1184 1173 1162 1154 1164 1171 1168 1169 1163 1150 1138 1134 1138 1144 1147 1148 1145 1142 1140 1132 1110 1096 1104 1120 1124 1121 1117 1114 1109 1104 1106 1109 1111 1108 1104
1249 1243 1241 1243 1247 1247 1237 1228 1218 1208 1198 1197 1205 1215 1219 1215 1195 1175 1156 1133 1119 1109 1099 1093 1100 1121 1136 1146 1156 1185 1210 1235 1261 1268 1263 1248 1228 1209 1196 1193 1196 1194 1197 1196 1179 1157 1157 1153 1133 1129 1151 1173 1178 1181 1187 1192 1187 1176 1163 1148 1153 1164 1166 1166 1166 1161 1149 1137 1129 1130 1136 1142 1140 1137 1136 1133 1111 1094 1101 1119 1129 1126 1121 1117 1113 1105 1101 1103 1108 1111 1105
1257 1255 1255 1260 1261 1253 1241 1234 1225 1220 1214 1218 1232 1246 1254 1257 1235 1209 1192 1161 1138 1125 1112 1100 1092 1094 1106 1119 1136 1160 1192 1223 1244 1254 1251 1245 1233 1216 1201 1188 1177 1169 1171 1174 1159 1137 1131 1130 1118 1122 1144 1162 1170 1172 1177 1182 1183 1173 1166 1149 1148 1160 1165 1161 1157 1157 1154 1147 1132 1123 1130 1137 1137 1133 1131 1130 1118 1095 1095 1112 1126 1129 1125 1117 1115 1106 1099 1098 1104 1111 1114
