ViewShed-Visualize/viewshed_visualize2/raster3.asc
ncols        288
nrows        211
xllcorner    34.488749999951
yllcorner    31.665416666673
cellsize     0.000833333333
NODATA_value -32768
[rows 132 to 197 of 211, columns 96 to 191 of 288]
0 0 0 0 0 0 0 0 0 0 0 0 0 0 0 0 0 0 0 0 0 0 0 0 0 3 6 9 10 10 11 16 19 21 20 17 17 19 24 25 24 23 23 21 20 16 12 11 11 11 10 13 17 17 19 23 27 28 30 30 27 24 25 28 29 31 30 32 32 30 29 26 26 27 25 26 25 25 26 26 24 27 32 29 31 34 38 38 39 38 41 46 46 48 49 48
0 0 0 0 0 0 0 0 0 0 0 0 0 0 0 0 0 0 0 0 0 0 0 0 3 6 7 11 10 12 15 17 20 20 18 20 20 23 25 24 25 24 24 25 23 18 15 14 12 12 11 11 15 16 20 23 28 29 30 28 28 25 28 30 30 30 28 31 29 27 26 26 25 26 26 23 24 25 25 28 25 28 30 30 33 33 36 36 37 39 40 44 47 51 50 49
0 0 0 0 0 0 0 0 0 0 0 0 0 0 0 0 0 0 0 0 0 0 0 3 5 6 9 9 12 18 17 18 17 17 17 20 23 24 27 27 27 27 26 25 24 21 18 15 13 11 10 11 13 15 17 23 26 28 27 24 24 24 29 33 33 32 31 30 25 26 23 22 24 24 24 22 25 24 25 24 24 26 30 32 32 33 34 35 37 38 41 43 45 50 53 51
0 0 0 0 0 0 0 0 0 0 0 0 0 0 0 0 0 0 0 0 0 0 3 6 4 10 15 16 14 17 18 17 16 17 20 22 25 29 30 30 29 30 30 28 29 25 19 13 11 11 11 14 17 17 19 21 27 26 27 25 24 26 29 32 34 32 29 27 24 24 22 21 22 24 23 22 23 23 25 26 27 26 30 31 32 33 34 35 37 40 43 45 50 51 50 52
0 0 0 0 0 0 0 0 0 0 0 0 0 0 0 0 0 0 0 0 0 2 6 5 9 17 20 19 16 15 16 17 16 17 20 23 27 31 31 32 33 34 33 33 32 25 20 14 13 12 14 14 17 18 19 23 26 26 24 24 24 24 27 32 34 31 25 24 29 22 23 25 24 23 22 24 26 23 25 27 27 28 31 34 36 36 34 36 38 40 44 45 48 51 49 52
0 0 0 0 0 0 0 0 0 0 0 0 0 0 0 0 0 0 0 0 2 7 7 4 7 15 18 18 15 14 15 17 18 19 21 27 32 33 31 31 33 35 36 34 30 22 15 13 14 13 15 19 20 18 19 21 22 22 21 21 23 26 30 32 33 27 24 24 22 22 23 25 26 23 25 24 24 25 24 25 27 29 32 35 38 39 38 37 38 40 43 45 44 47 51 56
0 0 0 0 0 0 0 0 0 0 0 0 0 0 0 0 0 0 0 0 5 7 8 8 12 16 17 16 13 13 16 16 17 22 26 28 31 34 33 31 34 37 38 33 26 16 11 13 14 13 15 17 18 19 22 20 20 20 22 22 24 26 30 29 29 27 27 26 26 24 31 29 25 23 22 23 24 23 25 26 28 31 32 34 40 42 41 40 39 40 41 42 44 48 53 58
0 0 0 0 0 0 0 0 0 0 0 0 0 0 0 0 0 0 0 1 3 5 5 13 9 8 12 13 14 15 19 23 21 25 30 33 34 38 36 35 34 32 29 31 25 15 14 14 13 13 14 16 17 18 20 19 20 21 22 22 24 25 26 26 25 25 27 25 26 26 28 24 25 24 23 21 22 22 25 26 29 31 32 37 40 45 43 42 42 44 46 44 45 47 54 58
0 0 0 0 0 0 0 0 0 0 0 0 0 0 0 0 0 0 0 4 4 9 20 23 20 14 11 13 14 18 22 22 25 28 32 37 40 42 41 36 33 29 27 25 24 18 17 14 14 14 15 16 19 18 18 16 16 20 21 22 23 26 26 25 23 22 23 27 25 26 26 25 26 26 26 23 23 24 26 29 32 34 35 38 40 44 43 43 45 48 51 49 48 49 49 54
0 0 0 0 0 0 0 0 0 0 0 0 0 0 0 0 0 0 1 4 4 13 20 26 30 25 13 10 14 17 22 23 25 28 33 37 40 43 40 35 29 26 22 23 24 21 18 17 15 15 15 16 18 18 17 14 15 16 21 25 25 27 28 28 22 18 21 23 25 27 25 25 23 24 25 23 23 25 27 27 31 36 38 39 41 42 42 44 46 48 48 48 46 49 49 53
0 0 0 0 0 0 0 0 0 0 0 0 0 0 0 0 0 0 1 4 7 12 19 29 36 27 17 16 13 14 20 24 25 31 35 39 40 40 40 36 30 23 20 21 22 18 16 18 18 16 17 16 17 16 14 13 15 15 17 20 24 28 27 29 25 21 24 26 26 25 26 24 23 24 26 24 24 25 27 29 32 34 36 39 40 39 41 45 46 44 45 46 45 48 51 55
0 0 0 0 0 0 0 0 0 0 0 0 0 0 0 0 0 1 3 4 7 13 20 32 31 22 16 14 14 19 22 21 26 32 36 42 41 40 37 32 30 22 20 17 18 18 17 17 16 15 18 17 18 18 15 15 18 17 18 20 24 26 24 27 24 24 27 25 25 25 25 24 22 24 26 27 25 26 29 28 29 31 33 34 37 38 40 44 43 43 43 42 44 51 51 53
0 0 0 0 0 0 0 0 0 0 0 0 0 0 0 0 1 3 4 3 11 17 23 27 24 17 13 13 18 21 26 28 33 39 43 46 45 39 35 29 27 21 18 20 18 17 20 21 19 15 16 18 17 20 17 21 17 18 18 20 20 20 21 23 23 25 24 25 26 27 25 23 25 25 25 27 26 28 30 28 29 30 33 35 39 37 38 39 38 39 42 42 44 47 47 51
0 0 0 0 0 0 0 0 0 0 0 0 0 0 0 1 3 4 7 11 15 22 25 23 19 15 16 15 18 24 31 35 38 44 50 48 42 35 35 29 24 21 18 17 19 17 16 19 17 17 19 19 19 19 16 22 19 18 19 19 18 18 20 22 22 23 23 24 25 26 24 23 25 25 26 26 27 30 31 31 31 34 37 38 37 37 39 39 38 39 42 43 45 48 51 54
0 0 0 0 0 0 0 0 0 0 0 0 0 0 0 3 5 3 9 18 21 22 22 21 16 16 18 22 22 26 32 37 41 46 48 44 37 33 31 27 22 21 20 18 14 17 19 17 18 17 17 19 20 22 20 18 18 18 20 21 19 18 19 22 25 25 24 25 25 25 24 22 23 23 25 28 31 32 34 39 38 38 38 39 39 41 42 43 43 43 43 45 50 49 51 51
0 0 0 0 0 0 0 0 0 0 0 0 0 0 1 6 7 8 13 17 21 21 19 17 16 17 21 24 24 28 34 40 44 45 43 39 36 30 27 27 24 22 20 26 22 18 23 20 20 20 18 20 22 23 22 18 18 20 21 20 19 21 21 20 26 27 24 22 21 21 23 22 21 24 25 31 35 36 39 43 44 41 39 40 41 45 46 48 47 44 43 48 49 47 47 46
0 0 0 0 0 0 0 0 0 0 0 0 0 0 1 5 9 13 16 18 20 20 17 16 18 21 26 28 31 32 36 42 46 45 42 36 33 29 24 21 21 18 16 22 26 24 25 24 24 19 21 20 20 20 21 21 22 23 23 22 19 19 20 24 24 22 23 20 18 19 21 19 20 25 29 34 40 44 48 47 42 38 37 38 42 44 47 47 45 41 42 47 48 44 44 43
0 0 0 0 0 0 0 0 0 0 0 0 0 1 1 3 11 15 16 17 17 16 15 16 19 22 27 29 34 36 40 45 46 42 38 33 30 28 20 20 24 24 23 26 29 26 29 24 23 27 29 26 22 18 21 22 23 24 24 24 20 19 20 22 23 21 20 19 20 21 21 20 24 25 30 34 40 47 51 48 41 36 36 37 40 42 43 44 40 39 41 45 45 43 41 42
0 0 0 0 0 0 0 0 0 0 0 0 0 4 4 6 10 12 16 15 14 16 16 19 21 26 27 29 36 40 41 43 44 39 32 28 24 23 21 21 23 24 27 27 26 25 29 28 22 28 27 27 21 18 21 23 23 24 26 25 21 18 21 20 22 19 19 19 19 22 21 23 24 27 32 38 42 45 44 43 39 35 34 37 39 40 41 40 36 37 40 41 42 41 40 40
0 0 0 0 0 0 0 0 0 0 0 0 5 3 5 19 16 11 14 13 15 18 20 23 23 27 29 30 33 38 39 38 37 33 27 25 26 20 20 20 23 25 27 28 26 24 23 25 27 25 25 30 23 18 20 22 23 23 25 25 20 17 19 20 22 22 21 21 20 20 19 23 25 29 34 40 44 41 37 37 34 36 32 32 37 38 37 36 36 38 38 36 37 37 40 39
0 0 0 0 0 0 0 0 0 0 0 3 6 6 8 21 28 17 11 13 17 20 23 22 20 23 26 28 31 34 37 36 34 31 26 21 24 22 20 20 22 28 25 24 24 24 23 22 22 22 26 22 19 20 22 22 24 23 22 23 20 19 20 20 20 21 21 20 21 21 22 24 27 30 35 37 40 36 33 30 31 32 31 30 33 33 32 33 34 36 34 35 36 36 38 40
0 0 0 0 0 0 0 0 0 0 0 6 6 10 14 25 25 17 14 13 17 20 20 21 20 24 29 32 36 38 37 32 32 27 24 23 26 25 22 23 22 28 27 25 24 24 27 24 21 20 22 21 20 19 21 22 21 20 21 23 20 21 20 19 21 20 19 22 22 21 22 23 29 32 33 31 32 32 31 29 29 31 27 27 30 29 29 30 30 32 32 34 35 37 38 41
0 0 0 0 0 0 0 0 0 0 4 4 6 14 20 24 23 18 14 16 17 17 16 20 23 26 29 36 41 41 39 33 32 32 29 23 24 22 28 28 27 30 31 26 25 22 22 22 22 20 20 21 20 21 22 22 22 16 20 21 18 20 20 22 20 18 22 24 21 21 24 27 32 33 31 28 27 27 27 27 26 28 29 27 29 24 24 28 28 30 31 34 36 37 36 35
0 0 0 0 0 0 0 0 0 2 5 6 9 13 18 25 28 24 15 14 16 16 17 21 23 28 33 39 46 44 42 37 31 28 34 27 22 23 25 39 37 34 34 27 26 21 23 24 21 17 20 19 20 18 20 25 25 20 19 21 18 22 23 22 20 19 23 22 22 23 26 28 32 32 28 27 25 25 24 26 26 26 27 27 25 25 27 24 29 30 33 36 37 35 33 34
0 0 0 0 0 0 0 0 0 3 3 9 10 12 18 25 27 23 16 15 16 17 19 19 23 30 36 38 45 46 41 37 33 25 31 32 27 23 28 35 33 31 31 27 25 23 25 29 20 20 21 21 25 22 23 26 26 24 22 20 20 21 22 19 21 21 22 22 23 25 26 28 28 26 25 25 25 25 25 25 27 26 25 26 27 27 27 25 31 33 34 35 33 30 30 31
0 0 0 0 0 0 0 0 4 7 4 11 12 12 17 22 23 22 20 21 20 20 19 19 22 28 38 44 48 47 42 40 32 25 24 29 29 28 32 35 32 27 26 25 24 26 27 27 19 20 25 26 26 24 25 25 24 23 21 21 21 19 20 18 19 23 23 21 21 24 24 24 23 25 25 25 26 24 23 25 26 26 26 25 25 23 26 28 27 30 29 28 29 28 30 30
0 0 0 0 0 0 0 4 8 7 9 15 17 20 22 26 27 23 22 22 21 22 19 18 22 29 34 41 48 45 37 35 30 30 25 27 30 32 31 34 30 29 27 25 26 27 30 31 29 30 28 28 28 29 27 27 28 27 25 22 22 21 22 20 22 20 22 22 23 23 23 22 23 25 24 24 25 25 25 27 27 26 28 26 25 25 26 27 28 28 29 28 30 30 30 31
0 0 0 0 0 0 4 7 6 6 12 17 19 25 26 26 25 23 21 20 21 19 19 19 23 27 28 34 42 40 35 30 27 28 30 31 33 33 31 32 31 30 27 26 27 29 32 35 35 35 33 36 38 34 31 29 30 29 26 22 22 21 21 21 21 20 22 23 23 23 24 25 23 23 25 26 25 25 26 25 27 27 27 25 26 28 27 26 27 26 29 29 30 30 30 31
0 0 0 0 0 0 8 7 4 7 13 19 23 26 25 26 24 23 23 20 19 16 20 22 26 25 21 29 39 39 37 34 29 27 30 33 31 30 31 31 28 28 26 29 29 29 32 32 38 39 37 36 36 34 31 26 26 25 24 21 20 22 20 20 22 22 23 21 20 20 25 25 24 23 25 24 24 25 25 26 28 27 27 26 27 26 27 27 26 26 28 29 30 30 28 31
0 0 0 0 0 6 8 7 9 9 15 21 26 29 27 25 24 24 23 20 20 18 22 25 24 25 22 32 36 36 28 27 28 30 34 35 35 32 31 28 27 25 26 27 30 31 33 33 35 40 37 38 31 28 26 23 23 23 23 23 20 20 21 23 22 23 23 21 21 24 21 23 24 23 25 24 24 26 28 30 33 33 27 25 25 28 27 28 28 26 28 29 29 28 29 32
0 0 0 0 3 5 5 7 10 13 16 24 31 32 25 26 24 24 23 22 20 22 24 24 22 21 27 33 37 31 27 24 28 32 34 33 34 33 27 28 27 27 30 30 29 30 33 36 37 39 37 36 29 26 24 22 21 24 25 23 21 22 22 22 22 24 23 22 23 25 21 21 23 24 25 25 28 30 33 40 40 36 28 27 27 28 28 27 28 28 28 29 28 28 30 29
0 0 0 0 5 7 7 11 10 18 24 28 31 27 23 24 22 23 24 23 21 26 25 23 26 26 31 36 38 35 28 30 31 32 31 31 34 32 30 27 27 28 30 29 30 32 33 34 33 34 35 33 27 24 23 22 23 24 22 22 22 24 24 25 22 21 20 25 24 25 24 23 24 25 25 28 33 38 37 34 33 30 26 28 30 30 28 27 26 28 29 29 30 29 30 29
0 0 0 3 5 4 8 15 16 18 28 35 34 25 22 23 28 26 26 25 25 28 28 23 24 31 38 38 39 36 31 27 30 32 32 29 30 29 28 26 27 28 28 29 31 31 32 31 31 30 33 29 27 24 23 22 24 24 22 23 24 24 24 24 22 21 22 25 26 27 30 30 27 27 28 29 30 33 32 32 30 28 28 29 35 32 29 28 28 28 29 29 30 30 30 30
0 0 0 4 7 8 14 18 22 21 28 33 32 27 23 24 29 26 27 29 29 28 25 23 29 37 38 37 37 33 31 31 29 28 29 29 29 26 25 26 29 27 28 29 30 31 31 31 28 27 27 24 24 25 25 23 25 25 25 24 25 25 25 24 22 23 25 27 30 35 35 31 28 28 29 29 31 34 35 34 31 32 32 37 37 34 30 30 28 28 28 29 29 29 30 31
0 0 2 6 7 13 17 21 24 25 29 30 28 27 28 29 34 32 31 30 26 26 30 37 39 38 37 35 30 30 28 29 28 29 30 29 24 25 23 25 26 28 29 29 30 28 29 29 27 26 27 27 25 25 26 27 26 26 27 26 24 27 28 26 24 27 27 29 31 35 33 31 32 31 32 31 33 37 38 36 33 33 34 34 34 31 31 30 28 29 30 29 28 30 30 32
0 1 3 7 7 17 22 27 27 27 28 29 25 25 28 32 32 33 33 29 25 25 35 40 40 35 31 32 28 29 31 28 25 28 26 25 24 25 27 27 29 30 30 28 27 29 30 27 26 27 27 26 27 27 26 27 26 28 26 25 26 29 31 28 27 29 31 33 34 34 32 33 34 33 34 37 39 40 40 36 34 36 35 34 32 30 31 30 28 29 30 28 28 30 30 32
0 2 3 8 18 21 25 29 32 31 27 29 28 30 30 32 33 37 39 35 36 39 39 42 40 37 34 33 31 31 29 25 26 26 25 25 25 26 27 27 28 29 29 28 27 29 29 27 25 26 27 26 30 29 28 28 28 28 26 26 28 28 29 29 30 33 36 38 38 38 38 41 42 41 40 38 40 41 41 41 41 38 35 34 31 32 33 31 30 29 30 30 29 30 32 35
3 3 6 15 18 21 28 29 32 31 31 32 32 33 32 36 40 40 42 42 44 46 41 42 38 37 36 35 33 30 27 26 27 26 27 26 27 28 28 27 29 31 31 29 31 28 28 29 29 28 28 27 29 28 28 27 31 29 27 29 28 32 32 33 33 37 40 41 40 40 43 49 51 49 43 38 38 39 39 42 45 41 38 35 33 34 33 31 29 29 29 31 31 31 34 38
4 2 7 13 19 25 31 32 32 30 31 32 33 34 38 42 45 46 44 44 42 44 40 37 35 35 36 35 33 30 28 26 25 26 28 27 28 30 29 32 31 30 30 30 32 33 25 28 29 30 31 31 32 32 29 30 30 26 25 30 28 30 33 33 33 35 38 40 43 45 48 51 51 45 42 41 39 38 39 40 40 39 36 36 36 36 32 30 28 31 31 31 30 31 36 38
5 8 12 16 20 28 30 31 31 31 31 32 33 35 39 45 49 54 49 46 41 41 39 36 36 36 35 33 32 30 29 28 29 28 29 30 30 33 34 34 32 33 33 32 34 36 32 27 32 33 34 36 36 34 33 32 28 25 25 29 28 30 33 33 33 35 39 43 46 52 53 49 46 45 43 39 39 38 37 37 36 34 33 34 36 35 32 30 32 33 30 33 32 31 36 36
8 12 18 21 24 29 32 34 33 32 31 30 31 37 41 42 49 54 49 44 43 42 39 37 37 36 34 31 29 28 29 27 28 28 31 34 32 37 37 36 33 36 38 36 38 39 37 34 34 36 37 39 38 39 35 28 27 27 28 29 30 30 32 33 34 35 39 44 48 49 47 45 44 44 42 39 38 36 33 33 33 32 32 32 32 33 31 31 33 31 32 32 33 34 35 38
13 20 21 23 27 32 33 34 30 31 31 31 36 37 42 46 51 53 51 48 44 41 39 34 36 36 33 33 30 30 27 27 29 33 37 38 34 35 37 36 37 38 38 39 38 40 37 37 37 39 40 37 38 35 31 28 25 26 30 33 32 35 35 36 37 37 41 46 46 45 44 43 43 41 40 41 39 35 34 32 32 34 33 32 32 32 32 31 34 34 33 33 34 35 36 38
15 19 22 24 27 30 28 29 32 32 31 36 37 38 42 50 53 51 48 46 39 35 34 32 36 35 37 39 34 31 29 30 30 32 35 37 37 38 39 40 42 41 41 44 42 41 37 38 38 40 39 36 36 35 31 30 28 27 32 36 35 35 37 40 40 38 40 42 42 43 43 42 39 40 39 39 37 35 34 33 35 34 32 33 32 32 31 31 33 33 34 34 35 38 37 40
20 21 22 24 25 26 27 28 29 30 32 33 37 39 43 48 51 50 46 44 40 36 37 33 32 34 37 33 30 29 28 30 32 34 33 34 35 38 40 43 45 43 44 45 44 43 38 43 44 43 40 36 36 34 31 30 31 31 34 38 37 35 39 43 42 39 41 44 48 46 43 41 39 37 36 37 35 34 32 31 34 34 33 33 32 33 34 32 34 34 34 36 39 40 39 42
22 23 23 24 25 25 26 27 28 33 33 35 38 41 43 45 51 48 44 42 37 37 37 31 30 31 33 32 29 29 31 33 33 34 35 36 38 45 46 47 50 50 51 50 50 44 46 46 47 47 41 36 34 34 33 29 31 31 35 37 36 36 40 45 45 42 42 49 54 50 46 43 39 37 35 35 33 32 34 33 33 34 34 36 34 34 33 32 33 33 33 36 39 42 44 47
22 21 24 23 25 27 27 27 28 33 34 36 37 42 46 48 47 44 43 40 37 36 34 31 30 30 29 31 31 29 33 33 34 32 36 39 43 44 44 47 49 53 55 53 49 44 46 46 49 46 41 38 33 34 33 34 32 30 35 36 38 40 41 47 48 44 45 50 52 49 46 42 38 35 34 35 33 34 32 33 35 35 37 37 37 35 35 34 33 34 35 36 38 42 46 48
25 24 25 24 25 30 30 27 30 36 36 38 41 45 46 45 44 44 43 42 40 35 33 33 32 30 30 32 30 31 31 32 35 33 34 37 43 48 45 46 46 51 51 50 47 48 50 46 48 43 42 39 36 35 36 38 36 33 34 35 36 40 41 46 48 49 49 47 46 45 44 40 39 37 35 35 34 35 33 34 38 39 40 42 39 37 36 36 35 35 36 39 40 41 45 44
24 24 26 27 27 27 28 33 38 44 39 41 43 45 46 44 45 41 43 42 38 34 34 33 34 32 30 32 35 34 31 32 33 34 37 36 37 40 42 41 45 48 48 50 51 52 52 52 42 39 41 36 34 34 39 43 38 35 35 36 37 39 41 52 53 51 49 48 47 44 42 40 36 36 36 35 35 35 33 34 36 38 40 43 40 37 36 36 35 34 37 40 42 44 44 44
24 26 27 29 27 28 30 36 35 38 41 43 46 48 47 45 44 43 42 40 37 31 30 30 30 33 27 25 33 31 30 33 32 34 36 39 40 41 41 42 46 45 49 52 52 56 52 50 41 38 40 37 36 35 45 49 40 36 39 41 41 44 48 56 55 51 49 47 47 44 42 40 37 34 36 35 35 35 35 35 36 38 40 43 42 37 36 37 36 35 35 38 43 44 44 45
25 30 34 30 28 28 33 38 41 39 40 45 48 49 48 46 46 46 46 40 33 29 30 29 29 29 25 27 27 26 28 30 34 35 37 39 39 44 44 44 47 47 51 52 52 52 49 45 42 37 36 34 35 37 42 45 40 37 42 51 48 45 47 53 54 52 52 51 48 48 43 39 35 33 35 37 35 37 38 38 38 39 40 41 40 36 35 36 37 35 36 38 42 43 44 46
26 39 36 30 29 32 35 36 40 44 45 50 51 52 53 50 49 49 44 41 32 29 28 27 29 29 27 30 28 28 29 31 34 37 36 37 41 44 45 49 50 52 51 52 48 47 45 42 39 37 37 36 36 38 36 40 41 41 46 54 53 48 48 49 51 50 50 51 50 48 44 40 37 35 35 36 36 39 38 38 39 41 42 43 43 38 37 37 37 36 36 36 38 41 42 45
25 25 26 29 30 34 36 35 45 48 50 57 55 53 53 49 50 48 45 38 32 30 29 24 28 30 27 27 28 28 31 36 36 39 40 40 44 45 45 49 50 52 48 50 48 46 45 40 39 37 37 37 36 37 36 36 40 43 49 55 59 56 50 52 49 50 49 49 49 48 42 41 39 35 35 35 36 37 41 41 42 43 43 43 43 39 37 38 38 38 38 38 38 39 39 40
28 25 28 31 33 36 40 44 49 51 55 62 55 55 61 51 50 47 40 34 32 30 28 27 32 34 29 28 29 30 33 36 38 40 42 44 45 49 50 48 50 51 50 47 46 44 42 41 37 41 40 35 34 38 38 41 43 45 52 55 58 59 53 51 49 47 45 45 49 48 42 41 39 36 38 37 37 38 41 42 42 42 43 42 39 38 37 38 39 38 38 37 38 39 39 40
29 28 29 29 33 37 41 43 50 55 55 58 55 51 54 51 48 42 36 32 29 28 29 28 29 29 29 28 32 35 35 37 39 39 41 46 47 52 51 50 50 49 47 46 41 37 37 38 38 44 45 39 36 37 40 46 47 46 48 51 54 56 55 53 50 47 44 43 46 44 42 40 38 37 37 38 38 38 40 42 46 45 46 42 39 40 39 38 39 39 39 39 38 39 40 42
29 27 28 33 34 39 41 47 50 60 62 58 54 49 48 47 46 40 34 30 28 29 30 28 29 30 31 31 34 36 36 36 39 40 42 46 47 53 50 49 48 47 44 41 36 37 39 42 42 45 44 41 40 42 46 54 58 58 54 51 54 54 54 53 50 45 44 43 43 41 38 37 37 38 38 37 38 39 40 44 47 48 45 42 38 39 40 40 39 39 39 39 39 39 40 44
27 28 31 33 38 39 46 51 55 62 63 56 51 48 46 46 43 38 32 32 30 29 30 32 31 29 32 33 35 36 35 37 39 43 48 52 54 53 51 49 48 46 45 42 41 40 41 44 46 46 43 43 39 42 45 55 58 64 57 53 56 54 51 48 46 43 44 43 40 39 37 38 37 37 38 36 38 40 44 47 48 47 43 40 39 40 41 41 41 40 40 39 41 43 43 44
28 29 32 35 38 41 48 55 67 69 63 56 51 49 45 44 39 35 32 34 30 30 29 31 31 30 31 32 35 36 35 40 43 45 52 55 57 57 55 52 49 46 45 43 42 38 41 46 49 47 46 42 41 43 49 55 60 61 58 57 56 53 49 49 48 43 44 41 39 38 38 35 37 38 39 39 38 39 43 47 48 46 42 39 39 40 42 42 41 40 41 40 41 42 43 45
32 32 36 38 43 43 48 54 58 64 68 58 51 48 44 43 36 31 35 37 31 31 32 30 30 31 32 34 34 34 36 41 44 45 50 56 58 57 56 53 48 44 44 43 43 43 44 46 49 51 47 43 43 43 47 50 58 59 57 58 56 52 48 47 47 47 47 45 41 39 36 37 36 36 38 40 40 42 44 44 44 44 41 42 41 42 42 42 42 41 40 41 41 43 44 44
39 39 41 45 51 49 51 55 56 61 53 47 47 47 40 34 32 32 35 33 29 30 30 30 32 33 33 35 34 37 38 41 44 46 48 55 53 55 54 51 49 47 45 43 44 45 44 47 49 50 45 44 43 45 47 50 60 64 59 55 54 52 49 48 48 50 51 45 41 39 38 37 37 39 40 41 45 43 44 46 44 44 42 41 41 41 41 41 43 42 41 40 42 44 43 44
36 40 42 47 52 52 52 55 56 57 50 46 45 42 37 32 36 36 32 30 30 32 30 30 29 31 31 34 35 38 40 41 43 45 47 50 51 51 52 52 52 50 47 47 45 46 48 49 52 52 49 46 47 51 48 55 63 67 60 54 53 51 49 49 50 48 44 42 40 40 39 38 38 40 38 39 41 42 43 45 44 44 42 42 43 42 41 41 43 42 42 42 43 43 44 45
36 41 43 44 47 49 51 53 55 55 52 47 40 38 32 32 35 36 34 32 34 37 35 36 33 30 33 36 40 42 45 47 47 46 49 50 50 49 50 50 50 49 48 48 47 47 48 51 51 52 52 47 45 46 49 55 64 64 60 56 52 51 50 50 48 45 43 41 41 39 42 41 39 40 40 39 39 40 43 44 46 44 43 42 43 43 43 43 42 43 43 44 43 43 44 45
37 40 46 48 49 51 51 52 53 49 45 41 41 36 33 34 35 35 35 35 35 36 37 35 35 33 33 35 39 44 47 49 50 48 51 50 49 46 46 50 52 50 52 50 47 48 50 51 51 53 50 49 48 48 48 54 57 59 55 55 51 53 52 51 48 45 44 43 40 40 42 40 41 41 44 41 38 41 43 44 44 44 44 42 44 44 44 45 44 44 44 44 44 44 45 45
39 42 46 50 54 55 49 49 50 44 43 38 38 36 35 35 36 35 35 35 34 36 35 35 36 33 34 36 38 42 44 49 50 49 50 49 47 48 46 47 46 48 50 50 49 51 53 55 56 56 55 50 49 54 55 53 53 54 54 53 52 54 52 52 49 46 43 43 40 40 43 43 44 47 46 44 42 41 43 45 45 44 46 45 45 43 42 45 44 45 45 45 45 44 46 46
40 44 48 53 60 57 52 48 49 42 41 35 33 37 36 35 35 34 33 34 34 35 35 36 35 33 33 37 40 43 44 49 47 48 49 49 47 47 47 48 48 45 49 52 53 54 56 56 57 58 56 53 52 60 58 57 54 54 52 50 50 54 54 50 48 46 43 43 41 40 42 41 44 47 46 47 44 42 44 43 44 47 46 47 48 45 44 47 47 46 47 47 48 48 48 46
43 44 49 54 60 59 55 45 44 39 37 36 34 38 37 35 34 32 32 33 36 35 35 35 33 33 34 39 39 43 47 51 49 49 49 48 48 48 48 48 51 47 48 50 54 54 57 58 61 60 57 53 54 60 60 57 56 54 50 46 47 48 50 50 47 43 42 40 39 40 41 42 43 46 47 47 41 43 44 45 47 48 47 50 48 47 47 47 48 48 49 50 52 51 47 45
48 50 52 56 60 55 48 43 41 37 39 37 34 33 34 33 33 32 34 34 38 36 36 36 34 35 35 40 40 43 46 49 48 48 47 47 49 49 48 49 49 47 49 51 54 54 53 57 62 62 58 59 57 60 58 56 54 54 51 48 47 45 44 44 44 41 41 39 41 41 41 42 45 46 45 44 45 45 45 47 48 48 49 50 50 49 49 48 49 50 50 50 51 50 49 49
