ViewShed-Visualize/viewshed_visualize2/raster12.asc
ncols        381
nrows        324
xllcorner    34.532083333285
yllcorner    31.646250000006
cellsize     0.000833333333
NODATA_value -32768
[rows 186 to 247 of 324, columns 96 to 191 of 381]
18 18 19 18 18 15 16 17 17 18 17 16 17 20 22 22 22 26 28 29 30 32 32 28 30 28 27 25 25 28 32 32 30 30 30 35 34 32 34 40 42 33 32 33 35 32 31 36 35 26 33 35 34 32 33 32 35 34 32 32 31 27 27 31 29 28 25 27 28 26 25 27 26 27 28 27 27 27 28 28 27 28 28 28 29 28 29 32 29 27 28 28 28 26 28 28
18 17 18 18 20 16 15 21 18 17 17 17 19 24 28 26 29 32 33 33 34 35 36 28 30 31 26 27 27 27 32 38 35 28 31 37 37 39 35 38 38 35 32 35 36 31 30 36 35 31 35 33 33 32 32 35 37 35 35 34 31 28 29 30 31 27 24 25 26 25 26 27 25 27 27 26 27 28 29 29 27 28 27 29 30 28 26 28 33 29 27 28 28 28 28 28
15 15 17 16 19 15 14 20 21 21 18 18 16 20 26 24 32 35 35 36 36 37 32 27 28 30 29 31 29 29 33 35 33 32 27 35 37 38 35 36 39 33 31 35 36 31 26 34 34 32 37 34 32 32 34 37 39 40 34 34 34 29 31 31 33 28 27 26 28 29 31 28 26 29 29 28 28 29 33 31 29 29 28 28 28 27 27 26 28 30 30 29 28 28 28 29
12 14 17 15 17 17 18 21 20 17 19 22 19 22 30 26 31 34 38 36 35 34 29 25 25 30 36 35 32 31 32 38 37 36 34 30 34 36 35 38 41 38 35 30 35 35 30 31 32 32 35 33 34 36 40 47 45 41 37 35 33 30 29 27 25 26 28 29 28 31 27 25 26 29 29 30 31 29 29 29 30 28 28 29 30 27 26 27 28 28 28 27 28 27 28 27
11 16 17 15 13 17 20 22 20 19 19 23 21 25 32 30 29 30 34 33 34 34 30 26 23 27 32 35 34 33 36 40 39 39 40 33 34 36 33 35 40 38 38 35 35 37 33 32 30 29 31 33 39 44 47 49 46 41 40 38 36 32 28 26 25 26 30 28 27 26 27 26 26 28 29 29 30 30 30 30 31 30 28 29 29 28 27 27 29 28 28 28 28 29 31 30
12 14 17 15 17 17 18 21 19 19 19 24 26 27 32 33 32 32 33 34 31 31 27 28 24 29 30 33 34 35 40 43 38 40 40 40 41 32 35 36 35 37 44 38 38 33 31 29 29 31 32 33 36 42 47 47 44 43 41 39 34 31 31 28 27 27 28 28 26 25 26 27 26 26 28 29 29 31 30 30 29 29 28 29 30 29 29 28 28 28 27 29 28 29 32 33
16 16 16 15 14 15 21 23 20 20 23 26 31 33 33 34 32 30 31 31 24 26 30 32 26 30 34 36 37 38 37 41 41 42 44 45 47 41 40 39 36 41 43 39 36 32 31 31 29 29 29 31 35 37 39 40 40 42 44 42 35 34 32 29 30 29 28 28 26 26 28 28 28 27 27 30 29 29 30 29 28 29 29 28 30 29 29 28 27 28 29 29 29 31 30 34
15 11 13 16 16 19 22 21 20 25 29 33 34 33 32 33 27 24 25 25 20 23 26 30 34 30 31 32 41 41 43 44 41 41 44 44 46 44 40 37 40 43 41 39 30 30 31 32 32 29 28 30 33 35 38 38 40 42 40 36 32 31 32 33 31 30 29 28 28 27 28 28 27 27 27 28 28 29 30 29 31 30 30 30 29 30 30 30 28 28 31 32 32 31 32 34
15 15 15 18 19 21 23 21 21 27 31 34 32 30 33 33 27 24 27 27 22 22 21 25 31 30 35 43 40 40 46 47 43 43 42 38 43 43 43 42 43 39 37 34 33 32 33 32 31 29 30 31 32 34 34 32 34 35 35 34 33 32 35 38 35 31 31 31 29 28 27 27 27 29 30 28 27 29 30 29 31 30 29 30 30 28 29 28 28 31 33 32 34 36 37 36
14 15 18 20 21 24 24 22 23 25 30 33 35 33 29 33 30 24 27 25 21 22 24 26 32 32 36 39 42 40 41 46 41 42 45 42 47 43 40 40 39 37 35 32 31 30 32 30 30 28 31 31 31 31 30 30 31 33 34 34 35 35 39 41 40 34 33 31 28 28 28 28 28 29 29 30 29 30 29 29 32 33 30 30 30 28 30 30 30 30 34 36 39 40 42 39
14 15 17 21 20 27 24 24 29 31 36 38 37 33 27 25 21 23 21 21 19 24 31 26 34 35 37 39 39 36 42 45 41 40 44 41 43 44 42 39 33 33 34 38 27 27 31 29 29 28 30 31 30 29 29 30 31 32 33 35 36 36 39 43 42 37 35 30 29 28 29 30 30 29 29 29 30 30 29 29 32 31 30 30 30 29 31 29 30 32 35 39 43 43 45 43
17 20 22 22 19 26 23 21 26 33 34 35 33 33 30 26 26 26 25 21 22 29 30 31 36 35 34 43 41 38 45 46 45 43 44 41 47 45 36 33 31 29 30 30 24 22 29 30 29 29 29 28 29 31 31 30 30 33 33 34 37 37 39 41 41 39 35 32 31 29 27 29 29 30 29 28 30 30 30 31 32 31 30 31 31 29 28 29 33 36 38 38 39 39 40 39
22 25 24 23 19 26 29 29 31 34 34 31 28 27 29 28 26 35 28 22 29 35 29 31 34 40 37 39 41 39 41 45 46 42 45 38 43 42 36 30 30 29 29 28 30 26 30 30 30 30 28 29 30 30 31 31 32 33 35 37 40 43 42 40 39 37 33 32 30 29 28 29 29 30 29 29 29 30 29 30 32 33 30 32 32 30 29 30 32 36 36 36 35 36 37 38
24 27 27 23 20 23 28 32 33 32 32 29 24 24 25 26 31 30 30 25 28 30 28 31 34 37 36 38 39 42 44 43 42 39 38 37 36 36 34 31 32 30 30 29 29 31 33 30 27 29 28 29 30 30 30 31 33 35 36 40 45 47 43 41 38 36 34 33 30 29 28 28 29 29 30 31 29 29 30 31 33 32 30 30 31 30 31 30 31 34 34 34 34 33 35 35
16 20 25 24 20 17 18 24 28 31 31 30 22 23 20 22 29 31 27 31 31 30 29 38 40 36 38 41 44 44 43 39 40 40 38 34 34 33 32 33 33 33 34 33 32 34 33 30 30 31 31 32 30 31 31 32 33 35 37 41 47 46 43 40 38 34 35 32 32 32 29 28 27 27 29 29 29 30 30 32 32 32 31 30 33 30 30 31 32 32 32 31 31 32 34 35
5 8 14 22 18 19 21 24 28 28 29 27 26 30 24 20 24 26 25 28 31 31 29 33 38 39 39 41 42 42 42 39 40 38 37 34 34 36 34 36 35 34 35 34 34 35 33 31 33 34 34 33 31 31 31 32 34 35 38 41 44 43 40 38 37 32 33 32 29 32 30 29 28 29 31 30 29 31 31 31 31 32 32 30 31 31 29 30 30 31 31 30 29 32 35 37
6 13 20 21 21 21 23 25 27 28 29 31 30 33 30 28 23 26 26 29 29 33 38 39 38 40 40 39 40 40 42 41 41 41 39 38 37 37 38 39 37 37 35 35 36 34 34 25 27 35 33 34 33 31 32 31 32 36 38 43 44 42 41 37 37 33 33 31 29 30 30 29 29 29 31 32 31 29 31 30 31 33 33 31 32 32 31 31 31 30 28 29 30 33 36 36
17 24 22 19 19 23 27 30 29 31 31 38 34 30 28 29 32 34 30 30 31 37 39 39 41 39 42 41 40 42 42 43 43 44 43 40 40 41 45 43 40 37 37 36 37 37 35 29 29 32 32 33 34 33 34 33 33 34 37 39 43 43 41 39 37 35 33 30 31 30 30 28 30 31 31 31 31 31 31 31 31 34 35 31 31 31 30 31 33 31 31 33 35 35 35 35
20 19 20 19 20 21 29 34 30 29 25 31 34 26 28 27 32 30 37 39 36 36 39 42 41 41 41 41 42 46 49 45 46 46 47 43 41 44 48 44 41 37 36 35 38 37 38 36 35 35 34 35 35 36 35 34 35 34 34 38 40 44 43 39 36 34 32 32 32 32 31 31 32 32 32 32 30 30 29 29 31 33 35 33 32 31 30 31 31 33 34 35 36 35 36 36
19 16 16 18 19 22 27 30 29 30 29 30 31 26 27 30 30 32 38 38 39 38 39 42 42 41 44 42 43 47 49 47 50 48 45 43 42 44 44 42 39 40 40 43 43 42 40 38 36 37 36 36 37 37 37 36 37 36 36 37 39 41 38 36 34 34 34 33 32 33 31 32 30 32 33 32 30 29 30 31 30 34 35 33 32 32 33 31 30 30 30 34 34 33 34 37
13 13 14 17 23 28 27 26 30 28 33 34 32 27 31 35 35 34 36 36 35 37 40 44 46 49 47 45 45 46 49 50 48 46 42 44 46 46 44 40 40 42 43 45 46 46 44 41 38 39 40 39 39 40 38 37 36 36 38 37 40 43 40 38 36 36 32 31 31 32 30 30 30 34 33 32 33 32 32 32 31 33 34 33 32 33 33 32 32 31 31 32 32 34 33 34
8 10 12 18 24 25 24 26 28 28 30 31 31 30 33 38 36 33 33 35 33 36 39 42 44 48 49 47 47 49 49 45 44 44 46 47 51 48 44 41 41 40 43 47 50 48 45 40 38 39 39 39 39 39 37 36 36 35 36 39 42 42 42 41 37 34 33 31 30 31 33 31 31 34 33 33 31 32 31 32 33 34 35 33 32 32 34 34 33 32 33 32 33 33 34 33
10 12 12 15 18 20 23 27 30 32 32 30 33 35 35 34 34 30 32 32 34 37 39 43 46 51 51 49 48 49 46 43 41 40 44 47 48 46 44 42 41 41 44 44 46 46 44 40 39 40 38 39 39 38 36 37 35 37 38 39 40 39 40 38 35 33 34 32 32 33 34 31 31 31 32 34 31 31 32 33 33 33 34 35 33 32 33 33 34 33 34 33 33 34 34 32
12 13 14 17 20 22 22 25 31 33 34 30 32 33 33 33 31 30 32 35 39 41 43 47 49 52 51 48 47 46 44 43 41 41 43 44 42 42 39 38 38 38 40 41 45 44 44 44 44 43 40 38 39 39 38 37 38 40 41 41 42 40 39 37 36 34 33 33 32 33 33 32 32 32 32 32 33 33 33 33 35 32 32 34 34 33 33 33 33 33 35 34 33 33 34 34
13 16 20 23 23 22 23 26 27 31 35 32 33 34 34 32 29 31 34 40 43 45 48 52 51 51 50 48 44 45 47 46 44 40 40 40 39 39 40 38 37 36 39 41 41 42 43 47 47 43 41 39 40 40 40 39 41 42 45 45 44 42 40 39 37 36 33 33 32 34 35 33 32 34 35 32 35 34 35 34 32 31 31 32 32 32 32 32 32 33 34 34 33 32 34 35
14 17 19 21 20 21 23 26 25 29 31 34 34 31 32 28 29 32 36 40 43 48 50 53 51 50 49 48 49 53 51 49 45 42 37 37 36 37 39 38 34 35 37 40 41 39 43 47 48 46 43 42 41 39 41 41 44 45 48 48 45 43 40 40 38 37 35 33 32 34 35 33 33 33 34 34 34 33 34 33 32 33 35 36 36 34 33 32 32 34 33 34 33 33 34 37
13 13 17 20 20 22 25 24 25 29 32 35 33 30 29 27 30 33 35 40 43 47 49 48 47 47 44 46 50 51 48 46 43 41 38 37 36 36 36 36 35 35 35 38 42 42 44 48 47 47 44 44 43 41 41 43 45 48 49 50 48 42 41 41 39 38 35 34 35 35 35 34 34 32 32 34 35 35 33 34 34 33 33 34 34 33 33 33 32 34 32 33 35 35 34 35
12 14 17 19 19 22 25 24 25 29 29 32 29 28 27 28 31 34 34 41 45 46 45 45 46 44 44 46 47 46 43 40 39 38 36 36 35 34 33 34 34 34 35 40 40 42 43 46 49 49 46 44 42 42 43 44 47 48 47 47 47 44 43 39 38 36 35 36 38 40 39 35 34 32 32 34 34 34 34 35 35 34 33 34 33 34 33 34 33 34 34 34 33 35 34 33
12 15 16 18 20 22 23 21 24 29 28 26 24 23 25 27 32 33 37 44 44 42 43 45 46 43 41 41 41 42 39 36 34 34 34 33 33 32 32 33 34 34 36 38 40 40 43 46 49 51 51 47 43 44 45 46 48 49 47 45 43 43 42 39 39 37 37 38 39 42 42 39 37 34 34 33 33 32 33 34 35 35 34 33 33 35 34 34 33 33 33 34 34 34 35 35
15 16 16 18 21 22 22 21 23 25 22 21 21 21 24 26 30 33 36 38 39 41 43 45 47 45 40 38 37 39 35 33 33 34 34 33 33 35 36 36 35 35 38 38 40 41 43 46 49 50 51 48 46 46 46 47 49 51 48 45 43 40 40 39 38 39 38 38 37 37 37 37 36 34 32 33 34 33 32 34 35 36 34 33 35 34 34 35 36 35 36 34 35 34 34 34
17 15 15 17 21 19 19 22 21 20 21 20 21 21 24 25 26 29 31 31 37 41 43 45 47 45 39 34 34 32 31 32 31 31 32 30 32 33 35 39 39 37 37 38 40 40 42 44 48 48 48 49 49 49 49 50 50 49 46 43 42 38 39 39 39 39 39 39 37 36 35 36 35 34 34 34 34 35 33 34 35 37 33 33 34 33 34 36 35 38 37 34 35 36 35 36
17 18 20 19 21 21 21 20 19 20 21 22 22 23 23 26 26 26 29 33 38 41 41 41 41 39 36 32 32 31 29 30 29 30 31 31 34 36 35 38 41 41 39 38 39 41 42 44 45 47 49 50 52 54 52 51 48 47 45 43 42 40 40 40 41 40 39 40 38 37 35 36 34 32 34 34 34 34 33 33 35 35 34 35 36 36 37 38 36 37 37 35 35 35 37 36
24 24 23 23 20 23 23 20 21 21 22 23 26 26 25 25 26 29 31 35 37 39 37 35 34 33 32 31 32 31 30 31 30 30 32 34 37 39 39 40 42 44 42 39 39 40 42 45 45 46 49 52 55 56 52 50 48 45 45 44 45 42 42 43 44 43 40 38 37 36 34 33 32 33 34 34 34 34 35 34 34 34 36 35 36 36 35 35 36 35 36 36 33 36 35 34
24 22 23 23 22 25 24 22 23 23 24 24 26 26 26 27 30 34 32 33 34 36 32 30 29 30 31 28 28 30 29 30 28 28 34 37 39 40 41 42 43 44 44 40 40 42 43 45 47 47 49 55 56 56 53 52 49 47 46 44 44 44 44 45 48 47 42 41 39 36 35 34 35 33 33 34 34 34 36 35 33 33 34 34 35 34 34 35 37 37 39 37 33 35 36 36
18 20 22 24 24 24 21 19 22 24 24 24 25 25 25 30 32 34 32 30 32 32 30 30 29 28 28 27 26 27 28 28 29 32 37 39 43 41 43 44 45 44 43 41 43 42 43 44 46 49 50 53 57 58 58 54 50 48 47 46 46 44 45 47 48 49 43 41 38 36 36 33 34 34 35 34 34 34 36 36 37 33 35 35 35 35 35 34 36 35 39 37 36 36 36 36
18 20 21 23 25 24 24 22 21 21 23 23 25 27 28 31 34 32 28 27 27 27 26 26 27 27 26 26 25 27 29 28 29 32 38 41 43 44 43 43 45 47 46 46 45 43 44 47 47 51 51 54 57 59 59 56 51 51 51 50 48 46 45 47 48 46 42 40 38 36 36 35 34 35 36 35 35 35 36 36 35 35 35 36 38 35 35 35 35 36 36 35 35 37 35 36
17 17 19 23 27 28 30 30 27 24 25 28 29 31 30 32 32 30 29 26 26 27 25 26 25 25 26 26 24 27 32 29 31 34 38 38 39 38 41 46 46 48 49 48 45 45 44 47 46 48 49 51 54 56 59 57 54 54 53 51 50 48 47 50 47 46 42 41 38 37 36 36 34 34 35 36 36 36 35 34 34 35 35 35 35 36 36 36 35 36 35 35 35 37 37 37
15 16 20 23 28 29 30 28 28 25 28 30 30 30 28 31 29 27 26 26 25 26 26 23 24 25 25 28 25 28 30 30 33 33 36 36 37 39 40 44 47 51 50 49 47 45 43 47 46 48 50 49 52 55 59 59 57 56 56 53 50 48 47 46 46 46 46 42 40 37 35 35 36 36 35 35 37 38 36 35 37 37 37 36 36 37 37 35 35 37 36 36 34 36 38 37
13 15 17 23 26 28 27 24 24 24 29 33 33 32 31 30 25 26 23 22 24 24 24 22 25 24 25 24 24 26 30 32 32 33 34 35 37 38 41 43 45 50 53 51 49 48 47 47 48 50 50 51 51 52 55 58 58 58 54 51 50 48 46 46 44 43 44 41 38 37 34 36 37 38 38 38 40 39 37 38 38 36 37 37 38 37 37 36 34 36 38 37 36 36 37 37
17 17 19 21 27 26 27 25 24 26 29 32 34 32 29 27 24 24 22 21 22 24 23 22 23 23 25 26 27 26 30 31 32 33 34 35 37 40 43 45 50 51 50 52 52 50 49 50 51 54 54 53 52 53 54 56 57 58 53 51 50 48 46 44 42 42 40 40 38 37 36 38 38 39 40 41 41 39 37 38 37 37 36 36 36 36 38 39 37 37 36 36 36 38 38 38
17 18 19 23 26 26 24 24 24 24 27 32 34 31 25 24 29 22 23 25 24 23 22 24 26 23 25 27 27 28 31 34 36 36 34 36 38 40 44 45 48 51 49 52 54 53 52 55 54 56 56 54 54 54 56 57 58 58 57 54 51 47 46 44 42 41 40 39 39 35 37 38 39 40 43 44 45 42 40 39 38 38 37 37 37 37 37 36 37 38 38 37 37 39 38 39
20 18 19 21 22 22 21 21 23 26 30 32 33 27 24 24 22 22 23 25 26 23 25 24 24 25 24 25 27 29 32 35 38 39 38 37 38 40 43 45 44 47 51 56 59 61 61 63 56 56 59 55 55 56 57 58 57 58 58 55 53 50 47 44 42 41 40 39 39 40 39 39 39 41 44 45 47 46 42 41 41 41 39 42 39 37 36 36 36 37 38 38 37 38 37 37
18 19 22 20 20 20 22 22 24 26 30 29 29 27 27 26 26 24 31 29 25 23 22 23 24 23 25 26 28 31 32 34 40 42 41 40 39 40 41 42 44 48 53 58 62 63 69 66 60 58 60 57 58 59 58 57 56 55 54 54 51 48 46 44 41 40 39 38 39 38 39 40 41 41 44 47 49 48 46 42 41 41 43 43 40 38 37 37 37 37 39 38 37 37 36 38
17 18 20 19 20 21 22 22 24 25 26 26 25 25 27 25 26 26 28 24 25 24 23 21 22 22 25 26 29 31 32 37 40 45 43 42 42 44 46 44 45 47 54 58 63 67 71 67 63 62 60 60 59 59 58 59 56 53 52 53 50 46 43 43 41 39 40 40 41 40 40 41 43 42 42 46 51 51 49 47 45 44 45 45 42 40 40 39 38 38 39 38 38 39 38 39
19 18 18 16 16 20 21 22 23 26 26 25 23 22 23 27 25 26 26 25 26 26 26 23 23 24 26 29 32 34 35 38 40 44 43 43 45 48 51 49 48 49 49 54 60 67 67 60 62 62 56 56 59 59 57 57 55 52 49 48 48 44 41 41 39 40 41 41 42 43 44 43 46 45 46 46 49 53 52 50 46 46 48 49 46 45 40 40 40 38 39 39 39 40 38 38
18 18 17 14 15 16 21 25 25 27 28 28 22 18 21 23 25 27 25 25 23 24 25 23 23 25 27 27 31 36 38 39 41 42 42 44 46 48 48 48 46 49 49 53 58 63 58 54 57 58 55 53 57 56 54 53 51 53 50 47 46 44 42 41 42 44 43 44 45 44 45 47 47 47 47 47 49 51 53 50 48 46 48 50 50 45 43 41 38 38 39 38 40 39 39 38
17 16 14 13 15 15 17 20 24 28 27 29 25 21 24 26 26 25 26 24 23 24 26 24 24 25 27 29 32 34 36 39 40 39 41 45 46 44 45 46 45 48 51 55 60 61 56 53 52 52 52 54 57 53 52 51 49 48 47 46 45 44 44 43 45 46 45 44 47 48 49 51 50 50 51 49 50 53 53 49 47 46 45 46 46 44 42 39 39 40 39 40 40 39 39 40
18 18 15 15 18 17 18 20 24 26 24 27 24 24 27 25 25 25 25 24 22 24 26 27 25 26 29 28 29 31 33 34 37 38 40 44 43 43 43 42 44 51 51 53 57 56 58 52 50 50 51 53 56 56 52 50 50 47 47 47 45 45 45 46 46 46 46 46 48 48 50 52 54 55 54 52 53 54 54 51 48 48 45 43 43 42 41 40 41 40 41 43 42 39 39 41
17 20 17 21 17 18 18 20 20 20 21 23 23 25 24 25 26 27 25 23 25 25 25 27 26 28 30 28 29 30 33 35 39 37 38 39 38 39 42 42 44 47 47 51 54 59 59 53 49 47 49 53 55 55 50 48 49 49 47 46 46 45 46 47 48 47 47 48 49 48 52 54 56 59 60 57 56 55 53 51 48 48 46 44 42 44 43 40 41 41 43 44 43 40 40 41
19 19 16 22 19 18 19 19 18 18 20 22 22 23 23 24 25 26 24 23 25 25 26 26 27 30 31 31 31 34 37 38 37 37 39 39 38 39 42 43 45 48 51 54 54 55 54 49 48 45 48 54 57 51 49 49 49 48 47 46 48 48 47 49 50 50 49 50 51 51 53 55 58 59 62 62 60 56 52 49 48 47 47 44 42 42 42 42 42 41 43 42 42 41 41 40
20 22 20 18 18 18 20 21 19 18 19 22 25 25 24 25 25 25 24 22 23 23 25 28 31 32 34 39 38 38 38 39 39 41 42 43 43 43 43 45 50 49 51 51 50 51 50 49 47 45 47 51 53 47 47 46 46 47 46 47 47 46 49 49 51 52 51 51 54 56 55 57 62 62 62 60 57 56 54 51 51 50 50 46 44 44 43 44 42 41 41 42 43 42 40 40
22 23 22 18 18 20 21 20 19 21 21 20 26 27 24 22 21 21 23 22 21 24 25 31 35 36 39 43 44 41 39 40 41 45 46 48 47 44 43 48 49 47 47 46 45 47 48 47 45 45 44 45 46 45 44 44 46 48 48 49 48 46 48 49 50 50 49 52 55 59 58 61 64 63 59 56 55 54 53 50 52 53 53 49 45 44 42 43 41 42 43 42 43 44 40 39
20 20 21 21 22 23 23 22 19 19 20 24 24 22 23 20 18 19 21 19 20 25 29 34 40 44 48 47 42 38 37 38 42 44 47 47 45 41 42 47 48 44 44 43 43 45 46 45 44 43 41 42 41 41 43 41 44 45 47 49 49 48 49 50 50 50 49 53 56 58 62 65 66 63 59 57 56 54 51 49 49 52 50 48 45 43 42 42 41 40 42 42 43 43 40 39
22 18 21 22 23 24 24 24 20 19 20 22 23 21 20 19 20 21 21 20 24 25 30 34 40 47 51 48 41 36 36 37 40 42 43 44 40 39 41 45 45 43 41 42 46 46 46 45 44 43 41 40 40 39 39 39 43 44 44 47 49 50 50 50 50 51 51 52 53 56 60 63 64 65 62 61 59 55 52 50 48 49 48 47 45 43 42 42 42 41 42 43 43 42 40 43
21 18 21 23 23 24 26 25 21 18 21 20 22 19 19 19 19 22 21 23 24 27 32 38 42 45 44 43 39 35 34 37 39 40 41 40 36 37 40 41 42 41 40 40 44 44 45 43 42 41 39 38 40 39 39 41 45 44 44 46 48 51 52 53 51 52 54 54 56 55 57 59 61 64 64 62 60 56 53 50 48 46 46 46 46 44 43 43 43 42 42 41 41 40 42 44
23 18 20 22 23 23 25 25 20 17 19 20 22 22 21 21 20 20 19 23 25 29 34 40 44 41 37 37 34 36 32 32 37 38 37 36 36 38 38 36 37 37 40 39 42 43 42 40 39 38 37 37 38 39 40 42 43 43 46 49 52 53 54 54 54 54 56 60 61 56 59 60 60 62 61 58 57 56 52 51 50 49 47 46 45 46 45 44 43 44 42 40 40 42 49 53
19 20 22 22 24 23 22 23 20 19 20 20 20 21 21 20 21 21 22 24 27 30 35 37 40 36 33 30 31 32 31 30 33 33 32 33 34 36 34 35 36 36 38 40 45 40 38 39 38 37 36 36 38 39 39 40 41 44 44 49 54 57 56 56 57 57 56 61 67 64 62 62 61 61 60 57 57 53 51 50 48 49 47 46 47 48 46 45 45 44 44 40 41 45 44 43
20 19 21 22 21 20 21 23 20 21 20 19 21 20 19 22 22 21 22 23 29 32 33 31 32 32 31 29 29 31 27 27 30 29 29 30 30 32 32 34 35 37 38 41 41 37 36 38 35 34 35 36 38 37 38 39 39 40 43 47 49 53 53 57 59 60 59 63 69 69 64 64 62 62 63 62 57 53 52 51 48 48 48 48 48 47 48 47 45 43 43 43 43 44 44 42
20 21 22 22 22 16 20 21 18 20 20 22 20 18 22 24 21 21 24 27 32 33 31 28 27 27 27 27 26 28 29 27 29 24 24 28 28 30 31 34 36 37 36 35 34 33 35 38 36 36 36 36 37 35 36 38 39 40 41 45 48 49 50 56 62 62 61 64 66 68 63 61 60 61 62 59 55 51 51 51 48 50 50 50 49 50 50 47 46 46 45 45 44 43 42 43
20 18 20 25 25 20 19 21 18 22 23 22 20 19 23 22 22 23 26 28 32 32 28 27 25 25 24 26 26 26 27 27 25 25 27 24 29 30 33 36 37 35 33 34 33 33 36 36 35 36 37 37 37 36 37 38 38 40 44 47 51 49 49 54 62 63 64 66 66 67 62 61 60 58 57 55 54 51 50 50 50 51 51 53 53 53 50 49 48 49 47 46 45 45 45 45
25 22 23 26 26 24 22 20 20 21 22 19 21 21 22 22 23 25 26 28 28 26 25 25 25 25 25 25 27 26 25 26 27 27 27 25 31 33 34 35 33 30 30 31 31 35 38 37 35 35 35 37 37 38 37 39 40 42 46 52 58 53 52 56 62 67 66 67 65 63 61 61 59 57 56 54 53 50 51 52 50 51 51 52 56 54 51 51 50 50 46 46 47 47 46 44
26 24 25 25 24 23 21 21 21 19 20 18 19 23 23 21 21 24 24 24 23 25 25 25 26 24 23 25 26 26 26 25 25 23 26 28 27 30 29 28 29 28 30 30 32 35 38 37 35 34 34 35 37 40 39 40 40 42 45 50 58 57 58 61 63 66 64 64 66 64 62 59 57 56 56 56 54 53 54 54 51 50 54 56 59 59 57 53 51 50 48 48 48 48 48 46
