ViewShed-Visualize/viewshed_visualize2/raster12.asc
ncols        381
nrows        324
xllcorner    34.532083333285
yllcorner    31.646250000006
cellsize     0.000833333333
NODATA_value -32768
[rows 0 to 61 of 324, columns 192 to 287 of 381]
4 11 13 22 26 25 23 17 17 17 13 13 15 12 13 13 14 18 22 24 27 32 35 34 25 26 22 18 14 14 14 11 13 16 13 14 15 17 15 18 18 18 20 22 24 21 21 22 18 18 18 17 16 16 21 19 21 21 22 19 17 19 14 11 12 12 12 12 13 14 15 14 13 15 17 19 19 22 23 23 23 21 19 16 14 16 16 18 21 23 29 31 27 23 23 21
5 10 15 23 25 24 19 17 16 16 14 15 16 16 15 14 16 21 26 27 29 33 36 31 20 19 18 16 14 15 14 16 15 13 12 14 14 18 15 14 17 20 20 19 20 20 21 22 20 17 16 18 18 17 19 19 21 21 22 21 19 16 17 14 13 11 11 12 11 12 15 14 15 14 16 18 19 23 25 23 22 19 18 18 16 17 18 19 22 26 29 32 30 31 29 23
12 13 15 19 21 18 14 14 17 18 19 18 19 18 18 19 21 25 29 30 31 34 31 21 20 14 16 14 13 14 15 13 13 11 13 15 17 15 16 16 17 18 20 19 16 17 21 21 21 19 21 24 21 18 18 22 22 22 19 20 20 17 14 12 12 13 13 13 11 12 13 13 14 13 14 15 18 23 23 21 19 18 18 18 18 18 20 20 22 23 26 28 30 36 31 28
17 18 15 16 14 13 12 15 15 16 17 17 18 20 20 22 24 29 31 32 34 34 28 21 16 16 16 14 13 14 12 12 14 15 13 13 15 17 16 17 19 19 22 17 16 17 19 20 21 22 20 20 20 20 18 21 23 22 23 20 20 18 17 14 14 14 13 13 13 12 12 13 14 14 14 14 16 22 22 19 18 17 17 16 17 18 19 19 21 22 24 26 27 31 31 32
27 22 20 17 12 11 13 17 17 14 16 18 19 21 24 27 33 36 37 35 29 28 30 21 14 16 14 15 15 16 14 13 15 15 14 14 13 13 19 20 18 19 22 19 18 20 21 21 20 23 25 19 19 20 20 20 20 19 21 21 20 17 18 15 15 14 15 14 13 13 13 13 12 12 14 14 15 18 18 17 18 16 15 17 18 19 20 19 19 23 26 28 30 32 34 35
25 20 17 15 11 12 14 16 15 15 19 21 21 22 26 30 37 41 41 36 24 20 21 16 15 14 13 13 15 14 13 14 13 13 13 13 13 13 18 20 20 16 18 18 15 19 23 18 20 21 25 22 21 18 20 19 18 20 19 19 18 16 17 16 15 13 14 16 14 15 12 15 13 11 13 14 13 15 15 14 16 14 15 16 18 20 21 21 21 25 26 29 31 35 39 40
11 15 14 15 15 16 14 14 13 15 18 20 20 23 27 32 36 38 38 30 21 20 17 15 16 13 14 13 13 12 15 17 15 13 14 14 13 15 14 15 20 18 17 17 20 18 23 19 19 22 26 23 19 18 19 19 21 20 19 15 17 15 15 14 13 13 14 16 12 14 11 15 14 13 16 13 13 15 15 15 15 14 13 15 18 21 21 21 23 24 27 31 34 41 47 48
10 11 12 15 16 16 17 14 13 16 18 22 22 23 28 32 35 35 30 20 19 18 14 14 14 13 16 15 19 13 14 17 18 14 14 14 11 15 17 15 19 16 17 18 19 19 21 19 20 23 24 22 17 15 18 18 17 16 17 17 17 15 15 16 12 13 13 14 13 12 11 15 17 13 16 16 14 16 15 14 15 14 14 15 18 21 23 21 22 25 26 31 34 39 44 50
7 13 16 14 15 17 15 12 14 16 16 18 21 24 28 32 34 33 29 24 21 18 15 16 16 15 14 18 17 14 13 16 14 14 13 11 13 14 14 15 19 19 19 17 22 18 19 19 17 21 22 23 17 19 18 18 15 16 18 14 18 17 16 17 15 14 13 13 12 12 14 12 14 15 16 16 16 15 14 15 16 14 15 16 19 21 21 22 23 25 27 30 33 35 40 42
13 17 20 14 15 16 14 12 14 14 14 18 22 25 30 31 31 30 29 26 16 14 16 15 15 15 17 20 14 14 13 15 13 15 13 12 12 12 13 15 14 14 19 20 23 26 26 23 19 22 23 22 20 20 19 18 17 18 17 16 17 17 17 14 11 12 13 13 12 14 15 14 14 15 16 16 15 13 12 15 16 14 15 17 19 21 21 24 25 25 27 31 33 36 37 40
21 23 23 16 14 16 15 16 15 16 16 19 23 26 31 32 31 28 27 20 9 11 14 13 15 15 16 13 14 13 13 15 14 12 14 11 14 12 12 13 16 17 18 23 19 20 21 21 19 15 20 22 20 19 18 18 19 18 17 15 14 15 16 14 13 14 13 15 14 14 13 15 14 12 14 14 15 13 13 16 13 13 16 20 20 21 22 24 26 26 30 32 34 36 35 36
21 16 18 14 15 14 14 17 16 17 17 19 23 26 30 32 33 29 24 9 10 12 14 13 13 16 15 15 15 16 18 18 18 17 17 15 15 14 15 15 16 18 15 18 14 17 19 17 18 14 16 17 18 19 18 18 16 16 18 16 15 16 14 15 14 14 13 15 15 12 15 28 16 14 14 14 14 13 13 13 14 15 17 20 22 22 22 23 26 29 31 32 30 31 34 33
18 15 14 12 12 14 16 15 16 16 18 20 24 23 22 23 28 26 20 14 15 14 13 15 14 14 15 13 13 15 18 23 24 21 19 15 16 15 17 17 16 18 15 17 18 16 16 20 20 17 20 16 18 21 20 19 17 18 19 17 18 18 15 15 14 16 14 14 14 13 16 14 15 15 13 15 13 13 15 14 16 16 17 17 20 20 20 21 23 26 27 25 28 27 31 33
14 14 13 13 15 15 16 17 16 16 17 23 25 21 18 18 19 16 15 16 17 14 13 14 12 13 16 13 15 16 20 23 22 18 19 18 16 16 17 17 15 14 14 16 18 14 15 17 21 18 18 20 21 19 18 18 20 17 18 16 17 18 16 16 16 14 14 12 13 13 22 14 15 15 16 15 14 14 14 14 14 16 17 17 16 16 16 17 19 20 23 23 24 26 28 30
12 12 13 12 12 15 16 15 13 16 18 23 25 24 24 22 15 13 8 14 17 16 16 14 13 12 16 15 13 14 18 22 19 19 20 16 12 13 16 15 14 14 17 16 15 12 15 19 21 19 21 23 20 18 18 17 20 17 20 19 21 18 16 15 13 14 13 16 13 16 16 15 14 14 15 16 15 15 14 14 15 15 15 16 13 14 14 16 19 20 21 23 24 26 29 31
11 13 13 11 13 15 13 13 16 18 19 21 25 26 23 27 20 13 13 17 17 15 13 13 14 14 13 11 12 16 18 20 23 22 19 16 16 19 16 13 15 15 16 15 17 18 14 19 20 18 21 19 22 19 19 19 19 19 19 23 22 17 16 16 15 15 15 16 13 13 13 13 14 14 15 16 15 14 17 15 14 16 15 14 13 14 16 18 21 22 21 22 25 27 28 31
15 15 13 13 15 14 12 14 17 22 22 24 28 30 31 28 25 21 20 16 14 15 16 14 14 15 14 11 13 15 22 25 26 24 18 18 19 20 19 14 13 17 16 20 22 21 16 18 20 17 18 19 19 18 22 24 21 20 21 25 20 15 15 15 16 15 14 14 18 15 15 15 14 16 16 16 16 18 16 15 13 16 14 13 13 16 17 20 28 28 28 27 27 27 27 30
15 14 12 15 16 14 14 17 19 24 28 31 32 33 31 28 24 22 22 19 15 15 18 15 14 14 14 15 15 20 24 26 23 18 14 17 20 16 15 16 15 16 17 20 18 17 18 15 19 22 22 21 21 21 23 26 22 21 20 20 22 16 17 16 16 16 16 15 18 20 17 14 14 15 14 15 17 16 14 15 14 16 14 14 14 16 18 21 28 31 31 31 25 25 24 26
11 11 11 15 18 17 17 18 24 28 30 36 37 37 33 27 21 19 18 16 17 15 16 13 14 14 13 14 17 20 25 28 27 18 11 15 17 15 15 16 18 18 16 15 16 16 15 17 19 20 21 21 19 20 22 24 22 23 21 19 22 20 17 15 16 15 15 16 15 16 16 15 15 16 16 16 17 17 17 17 13 14 15 17 16 17 20 23 26 28 28 27 25 24 24 25
12 10 12 16 19 21 22 24 27 27 31 39 39 36 28 22 20 19 17 16 19 17 18 16 16 18 14 13 19 22 26 29 28 23 13 11 14 16 17 20 21 20 18 15 15 17 18 17 18 20 21 22 22 21 21 21 22 23 21 20 23 20 18 16 16 16 15 16 15 16 16 16 15 16 16 16 19 17 15 15 13 14 15 19 18 18 18 18 21 23 24 24 23 23 25 27
10 10 13 18 22 24 23 24 26 27 32 37 39 33 24 19 17 16 15 15 15 16 16 15 15 17 16 16 18 20 22 26 25 24 20 17 17 20 22 27 29 28 26 21 21 20 21 19 17 21 22 21 23 22 21 20 22 23 21 19 22 19 19 18 16 16 18 18 18 18 18 15 14 15 15 16 19 18 16 16 16 15 15 16 20 18 20 17 17 20 21 21 21 21 25 30
11 12 16 20 21 23 24 25 28 32 33 34 32 25 22 18 16 16 16 16 14 17 17 16 15 14 13 15 17 17 20 22 22 22 21 21 22 25 28 26 27 31 28 24 21 20 18 18 20 21 21 19 22 20 18 21 21 20 20 20 19 18 18 18 16 16 18 17 18 19 20 17 16 15 16 16 18 19 17 17 18 20 18 17 17 17 19 18 16 18 18 20 21 24 25 28
14 16 21 23 20 23 27 29 31 34 36 32 25 19 18 16 16 15 15 14 16 15 16 18 17 14 14 16 18 18 21 23 23 24 24 26 29 29 32 30 28 29 28 20 19 18 18 19 20 21 23 27 27 22 20 20 19 20 20 19 17 17 18 18 19 20 20 17 16 19 17 19 18 18 16 16 16 16 20 19 21 16 18 18 15 16 17 18 14 16 17 20 22 24 26 28
15 19 27 28 29 28 29 31 33 36 37 28 23 19 21 19 18 16 15 14 16 16 15 15 16 14 16 18 19 21 22 24 25 27 28 27 29 31 33 32 28 26 25 20 20 21 22 21 20 21 21 24 23 22 20 19 19 20 21 19 17 19 18 18 20 21 21 20 17 18 19 17 18 18 16 15 16 17 17 17 16 17 17 17 16 15 17 15 15 19 19 21 22 25 30 31
16 18 21 27 32 29 29 32 35 36 32 26 22 22 21 21 20 18 17 16 16 16 18 14 13 13 18 22 23 25 31 32 30 30 31 31 33 34 34 31 28 23 22 21 26 25 25 22 20 20 20 23 25 25 21 20 20 21 23 19 16 20 21 22 22 24 23 18 19 17 17 16 16 16 17 16 16 19 19 19 16 18 18 18 17 13 17 16 17 18 18 22 23 26 29 37
19 20 22 24 29 30 30 34 34 34 30 25 22 21 19 18 18 18 17 17 16 15 15 18 14 15 20 19 20 25 30 32 34 40 39 36 34 36 36 34 30 27 32 32 30 26 24 23 18 19 21 23 24 24 22 22 21 21 22 21 19 20 23 25 21 24 24 19 18 16 16 18 17 17 18 20 19 18 18 19 19 19 20 21 20 18 15 16 17 17 17 21 21 25 31 39
20 20 22 25 28 29 34 35 34 32 26 25 22 20 20 18 17 18 17 18 17 14 14 16 14 16 18 19 21 26 26 29 37 39 40 37 32 36 36 35 33 30 33 32 28 24 21 21 19 23 25 23 24 25 23 23 23 22 22 22 22 19 23 26 26 24 22 18 17 18 19 18 18 17 18 19 19 19 19 21 20 19 20 21 20 19 18 18 17 20 18 21 24 26 30 35
20 21 22 24 27 29 35 37 38 31 30 24 23 20 17 16 18 18 16 17 17 14 15 16 18 19 18 20 23 24 26 28 34 39 38 34 34 36 38 37 34 32 28 27 24 23 20 19 21 24 24 24 26 23 23 24 23 23 21 21 22 19 17 23 23 22 20 16 16 19 20 18 17 19 19 19 18 21 20 20 18 19 19 19 19 20 19 19 18 19 23 28 31 28 28 30
22 22 24 25 28 32 36 39 38 32 27 22 19 18 18 19 17 17 15 13 16 15 15 17 20 20 20 20 23 24 26 30 35 39 35 36 34 36 35 37 33 33 30 26 22 24 23 20 21 24 24 26 28 26 25 24 25 24 23 21 21 20 21 20 19 19 18 17 18 21 21 21 20 19 19 18 19 20 19 19 18 20 19 20 21 20 19 21 18 20 25 33 33 29 27 29
22 24 25 27 31 34 36 38 34 32 25 20 17 16 17 17 18 18 17 15 15 15 17 20 21 19 20 22 23 26 28 36 40 40 39 37 32 33 34 32 28 32 29 23 20 21 21 22 24 24 26 28 27 26 25 24 24 24 22 19 16 20 20 21 20 20 19 18 18 20 22 22 22 21 20 19 20 20 20 20 18 18 20 20 20 20 20 21 19 21 23 28 28 27 26 25
25 27 28 27 32 34 34 34 31 28 24 21 19 17 15 16 17 18 17 18 16 16 17 21 23 22 23 22 25 29 30 37 40 41 44 42 37 33 27 24 24 23 22 23 21 20 20 23 24 25 28 27 26 25 25 25 25 23 22 18 18 21 20 21 22 21 21 19 18 20 21 21 22 22 22 21 22 20 20 21 19 19 18 17 19 19 19 20 19 20 21 23 24 24 23 24
28 27 28 28 29 28 29 27 24 21 20 17 16 16 15 17 17 17 16 16 15 15 19 22 24 25 23 25 26 30 35 39 40 43 40 42 43 39 30 28 26 23 26 28 26 23 22 25 24 24 26 27 25 26 26 25 24 24 21 20 20 20 19 20 22 20 20 20 20 21 20 23 23 22 22 20 21 22 20 20 19 20 21 17 18 20 20 21 20 19 20 20 21 23 22 23
32 30 30 30 27 23 28 27 24 23 18 15 14 14 17 17 16 15 16 16 16 17 20 24 27 28 25 24 27 30 34 38 39 44 41 41 44 38 31 27 25 27 32 31 28 28 25 23 22 25 28 26 25 25 27 26 26 27 22 21 20 20 19 19 22 21 21 20 20 20 21 23 21 21 23 22 20 22 23 18 18 21 20 19 21 21 20 21 19 17 20 19 20 22 22 21
34 32 33 34 31 31 31 29 25 21 17 13 12 13 15 15 14 16 16 16 17 19 21 24 29 31 31 29 28 31 35 38 39 43 44 39 39 33 32 30 29 30 29 28 25 26 26 27 26 23 25 24 24 25 25 28 31 31 22 18 21 22 20 20 20 19 20 19 20 21 22 22 22 20 21 21 20 21 21 19 19 20 19 20 19 19 20 20 18 19 21 21 19 21 21 22
32 33 36 39 36 33 27 24 20 17 13 12 15 16 15 16 14 15 16 17 18 20 21 28 28 30 33 31 34 40 39 38 40 43 44 39 39 34 30 32 32 30 28 28 25 25 26 29 29 24 23 22 24 24 25 25 30 29 21 20 21 20 21 18 19 19 18 19 21 20 20 21 23 22 23 23 23 22 23 22 20 19 21 21 22 21 20 21 21 21 21 22 22 22 22 23
29 34 38 40 38 33 28 21 18 16 15 14 14 14 15 13 13 14 15 18 18 21 21 28 33 34 33 29 30 37 42 39 42 44 43 40 37 33 29 28 31 29 28 26 22 24 27 29 28 26 24 24 24 23 24 25 26 24 18 19 21 20 22 20 19 20 19 19 20 20 21 21 22 22 22 21 22 22 20 21 19 19 20 20 22 24 22 21 21 22 22 23 24 23 23 23
32 35 39 39 35 30 25 19 18 16 13 12 11 12 14 13 13 13 15 18 20 22 28 31 33 34 34 31 34 35 35 37 39 40 39 35 31 32 29 27 28 27 27 24 21 21 26 28 25 23 24 25 25 26 27 26 25 23 23 21 22 23 22 21 20 21 21 19 20 20 22 22 22 22 24 21 17 21 21 21 21 21 20 21 23 25 23 21 21 22 22 22 24 24 24 23
32 36 37 36 31 28 24 20 19 16 14 11 10 11 11 11 15 17 18 20 22 24 29 29 34 35 32 33 34 34 34 34 36 36 31 30 30 29 27 28 29 31 29 25 23 24 24 22 21 22 25 24 25 25 26 28 28 24 22 21 21 22 21 21 21 21 20 21 20 19 21 20 21 23 23 22 20 22 23 22 20 20 21 22 22 25 25 24 23 24 23 24 24 23 23 24
29 33 33 33 32 29 24 20 18 17 15 14 12 11 11 12 13 15 17 22 25 27 30 31 35 36 35 34 32 32 32 33 30 34 31 32 31 29 31 30 30 33 31 28 26 27 25 24 24 24 23 23 26 28 31 29 27 22 19 19 19 20 21 20 22 22 22 21 22 21 23 22 21 21 22 23 21 20 23 20 21 20 21 22 25 26 26 27 28 30 26 26 24 24 25 25
29 31 30 30 29 28 24 21 18 18 16 14 11 11 8 9 15 18 19 20 26 32 32 33 32 33 35 34 30 30 30 28 28 31 33 32 31 34 37 33 34 32 33 30 29 28 27 26 25 24 25 26 28 28 29 25 23 21 21 20 21 17 20 21 23 23 23 22 21 22 24 22 21 21 22 21 17 20 23 21 21 20 21 24 25 24 27 30 30 31 30 27 26 26 27 29
30 29 27 26 25 24 21 19 18 19 16 13 13 13 13 12 16 21 23 26 29 31 31 30 30 29 33 32 30 30 32 31 33 35 35 34 34 38 36 37 37 38 37 31 31 30 28 26 25 25 27 30 32 30 28 26 26 24 22 20 18 19 21 22 23 24 23 23 21 23 24 22 21 23 21 20 21 21 22 22 23 20 22 23 23 22 25 27 31 32 30 26 25 28 29 30
34 33 31 28 25 24 21 19 17 18 14 12 13 10 13 16 19 21 25 28 29 29 29 27 26 27 29 31 32 30 31 33 34 35 35 39 41 46 39 42 44 44 38 37 34 31 31 29 26 27 29 31 32 32 30 30 27 24 21 24 20 19 21 21 22 22 22 22 21 22 23 21 23 22 20 20 21 22 21 23 24 23 25 23 22 23 24 25 27 28 28 28 27 27 26 28
35 36 36 28 26 27 24 21 16 15 13 15 13 11 14 15 18 20 22 28 31 30 29 28 25 27 27 29 33 34 35 35 39 40 40 40 45 46 44 45 43 42 39 36 34 31 30 31 28 26 31 34 37 34 31 30 28 25 25 25 21 20 20 22 22 21 22 21 21 23 23 22 22 22 21 21 21 22 21 21 23 24 25 23 24 22 24 25 27 25 25 26 27 26 23 23
36 38 37 32 30 28 26 22 17 10 13 15 14 16 14 15 17 19 21 26 29 30 29 27 26 26 30 32 36 33 37 38 41 43 45 45 46 47 47 43 42 42 38 36 33 31 29 30 27 27 31 36 37 34 29 28 28 28 28 26 23 22 20 20 23 22 21 20 21 22 23 21 19 22 21 21 22 23 23 22 22 23 24 23 24 24 24 26 27 28 27 25 25 23 19 21
35 35 33 30 26 26 22 18 16 14 18 18 17 19 18 19 20 19 21 24 26 27 28 28 27 28 30 35 36 35 37 38 43 47 46 49 48 50 48 44 40 38 37 35 33 31 30 30 27 28 31 34 36 35 31 30 31 31 31 28 25 23 22 22 23 21 21 19 20 22 23 22 21 22 22 24 23 24 22 23 21 22 23 23 23 24 25 25 28 30 28 26 24 23 23 22
32 30 29 25 25 22 19 19 18 18 18 16 18 21 20 21 21 22 22 23 24 23 25 28 28 29 31 35 35 37 40 41 44 46 48 47 48 49 48 46 41 37 35 33 32 32 34 32 31 32 33 33 32 31 31 33 36 37 37 31 25 22 23 26 27 24 23 24 24 25 24 23 20 22 22 21 21 22 21 23 24 25 25 24 24 26 25 26 28 28 28 27 25 23 27 24
28 26 24 20 16 18 20 19 17 17 15 14 17 18 21 22 21 20 22 25 24 24 25 27 30 27 32 34 36 39 42 43 45 45 47 48 50 51 50 45 42 38 35 35 35 35 37 35 34 34 34 35 33 30 30 37 39 38 33 26 23 24 26 27 27 26 25 25 26 26 25 23 24 23 21 23 23 22 21 23 22 23 25 22 22 23 25 25 27 27 26 27 29 26 23 22
25 22 21 16 13 16 16 20 19 18 16 15 16 17 17 20 22 19 21 24 25 24 25 28 31 30 36 36 34 36 38 42 45 45 49 51 49 48 50 49 43 38 37 37 39 41 39 36 35 36 36 34 33 31 31 36 39 36 25 22 24 26 26 27 25 23 25 26 27 26 27 26 25 24 23 24 24 22 22 22 22 21 23 24 24 25 27 29 28 28 27 28 27 25 24 23
23 20 18 15 15 15 18 19 20 18 17 18 17 18 19 22 22 19 20 23 24 25 26 29 33 34 36 36 33 31 35 41 44 46 48 50 52 49 48 49 46 40 40 40 40 42 40 40 37 37 35 32 32 31 32 33 35 34 29 24 24 25 26 27 24 24 27 29 31 30 27 26 26 24 23 24 25 23 24 24 23 22 24 25 27 28 28 28 28 28 27 27 25 26 25 24
19 18 16 15 17 16 18 18 19 18 19 18 18 19 20 24 22 21 22 24 26 26 28 30 32 34 32 37 36 34 37 43 45 45 51 53 52 50 45 45 46 42 40 40 40 40 43 41 33 35 35 34 32 31 32 33 32 31 28 26 26 27 26 26 25 27 29 34 33 33 30 26 27 25 25 25 25 24 25 25 25 24 26 27 27 28 29 28 28 28 27 26 25 26 26 26
17 15 15 15 17 17 17 17 17 18 19 19 18 20 18 23 25 24 23 25 28 30 29 33 36 33 26 29 32 37 41 44 45 48 53 53 50 48 45 44 45 45 41 40 39 41 44 43 35 35 35 31 31 32 34 30 28 27 25 25 28 27 27 25 26 29 30 33 33 31 28 26 26 25 25 25 24 25 26 24 24 26 27 24 26 26 27 27 29 30 27 25 26 29 28 28
16 16 16 16 15 15 16 17 16 17 19 19 17 17 20 21 22 23 24 26 28 31 31 31 32 29 24 28 34 40 43 47 46 49 51 52 46 44 46 44 43 44 42 40 41 42 44 41 37 35 31 28 30 32 33 31 26 23 22 26 28 27 24 24 27 30 31 30 30 29 27 26 26 25 23 23 25 25 26 24 27 25 23 22 24 26 26 26 29 31 25 27 27 28 27 27
15 13 16 18 18 16 17 16 15 15 18 17 17 17 19 20 22 22 24 25 30 31 31 29 28 28 28 34 39 47 48 51 48 47 47 48 49 48 46 44 43 43 43 43 43 43 43 42 41 35 32 32 32 32 29 29 29 28 24 26 28 25 24 27 30 35 33 31 30 29 27 26 25 23 23 24 24 24 26 27 25 24 22 24 22 25 25 27 26 26 26 27 26 25 28 28
17 16 16 17 18 17 17 17 17 17 17 18 18 19 20 20 22 24 26 29 31 31 31 31 27 26 29 34 43 46 45 49 48 45 47 47 47 51 48 39 40 42 44 45 43 43 43 38 37 35 32 32 30 29 29 28 27 30 24 26 28 26 26 29 33 36 35 34 31 29 28 26 25 24 24 26 26 26 27 25 23 23 24 25 23 24 24 26 27 26 27 25 26 29 28 27
16 18 16 16 18 18 17 19 18 17 18 18 18 19 21 23 24 25 31 33 34 36 32 30 28 28 32 34 43 45 45 42 43 44 45 42 40 49 47 38 37 36 39 39 40 42 39 36 34 33 32 32 29 28 30 30 26 26 25 26 26 28 26 28 32 36 38 34 34 36 34 30 26 25 25 26 26 25 23 24 26 25 24 25 24 24 24 25 26 26 26 25 26 26 26 29
16 19 18 19 18 19 19 20 20 18 20 20 18 19 19 22 25 27 32 36 38 40 35 30 28 30 34 40 42 41 43 41 43 46 44 40 38 42 38 35 32 31 33 33 36 39 40 37 33 29 29 27 29 28 30 28 28 26 24 25 24 26 27 28 30 33 36 36 39 40 35 27 23 25 25 25 27 26 26 25 25 26 24 24 25 25 26 26 24 26 28 23 15 22 23 26
15 16 16 19 19 19 20 18 19 19 22 21 19 20 20 24 28 31 35 39 41 41 40 35 34 34 35 40 43 41 45 47 46 45 41 40 39 41 35 31 31 30 29 31 33 37 37 37 35 31 27 26 25 25 27 28 28 30 33 30 27 28 29 29 29 31 35 31 31 32 31 28 25 26 26 26 26 26 26 26 24 23 25 25 26 25 25 26 24 23 25 25 22 20 22 24
15 16 13 18 20 18 19 19 20 21 22 21 20 19 20 23 28 32 34 38 41 42 41 38 34 36 34 36 39 42 47 46 43 42 42 40 35 33 32 30 28 29 29 29 29 32 32 33 35 30 28 27 25 24 24 25 24 26 31 35 30 30 33 33 31 33 31 29 32 30 28 27 26 27 26 25 26 25 26 25 23 24 27 27 29 27 26 26 25 25 24 25 25 27 24 27
14 17 14 19 19 19 20 22 21 21 23 26 25 23 23 26 30 34 37 41 39 38 38 36 31 34 35 38 38 42 47 48 48 45 41 41 38 31 30 29 27 27 26 25 27 28 28 30 31 29 27 25 26 25 24 25 24 23 26 29 30 35 36 33 36 39 39 36 32 30 27 27 26 26 26 26 26 26 25 25 26 25 28 30 32 32 28 25 26 25 25 27 28 27 28 28
17 18 17 19 19 19 21 21 21 22 25 26 24 23 26 31 33 35 37 39 41 37 34 35 36 39 38 39 41 42 47 46 40 44 42 41 37 29 28 27 26 24 23 23 22 23 25 28 27 29 25 23 24 23 24 23 24 23 25 27 29 33 35 39 44 46 52 47 33 30 28 26 26 23 25 26 28 27 25 26 25 25 28 32 37 33 27 27 26 25 26 26 27 26 26 27
15 17 19 18 18 17 19 20 21 21 24 25 23 25 29 32 30 32 36 38 36 34 33 31 33 38 37 37 39 44 43 43 44 43 41 35 31 27 23 23 22 24 24 24 23 22 22 23 23 22 23 23 24 22 22 21 22 23 25 27 30 35 38 42 49 52 54 43 34 30 29 28 26 25 25 26 24 26 26 28 27 27 28 34 38 32 28 26 26 25 25 28 28 26 25 24
15 18 20 20 21 20 21 20 21 22 23 26 26 28 29 29 28 33 33 36 29 27 28 27 33 33 34 38 37 41 40 44 43 41 39 32 28 27 23 21 22 23 23 22 22 21 22 24 22 20 22 24 23 22 22 22 20 22 25 28 31 35 38 40 45 46 43 36 33 28 27 27 27 25 26 26 27 27 29 32 31 29 29 30 33 31 28 25 25 25 24 25 27 26 25 24
