ViewShed-Visualize/viewshed_visualize2/raster11.asc
ncols        903
nrows        755
xllcorner    35.397083333284
yllcorner    32.958750000006
cellsize     0.000833333333
NODATA_value -32768
[rows 440 to 479 of 755, columns 546 to 636 of 903]
1047 1038 1029 1018 1005 994 982 976 977 981 984 982 981 981 981 981 983 983 980 979 981 983 986 987 985 984 982 982 980 978 978 977 973 972 971 968 967 967 968 970 972 973 974 974 972 971 968 968 967 966 961 957 957 955 953 952 950 949 949 949 948 949 950 949 949 947 946 945 948 950 950 949 950 950 950 948 949 948 949 949 950 948 949 948 948 946 947 947 946 945 944
1031 1027 1022 1012 1004 992 981 973 975 978 983 983 982 982 980 980 982 981 980 979 978 981 984 985 984 984 983 982 982 979 976 974 972 972 970 968 966 964 963 964 969 971 972 971 971 970 969 968 963 961 955 956 956 954 953 952 951 948 947 949 948 947 950 948 947 947 946 944 947 948 949 950 950 948 949 948 948 949 949 949 950 949 948 948 947 946 947 946 945 945 946
1011 1010 1005 997 991 987 977 974 976 978 981 982 983 982 982 982 983 981 979 978 978 982 983 983 984 983 984 982 980 979 976 972 971 970 967 965 963 963 963 960 962 966 969 970 969 969 968 967 963 957 954 955 954 954 953 953 951 949 948 949 948 948 949 949 947 947 947 946 946 946 946 946 946 947 947 945 947 948 948 947 949 948 948 947 946 946 945 946 947 945 946
996 993 987 978 976 975 975 976 977 976 978 979 981 982 981 981 981 980 980 978 978 982 983 983 982 983 983 982 981 979 978 975 972 970 965 963 962 963 961 958 958 962 963 965 967 967 967 966 962 954 953 955 955 953 952 952 950 948 947 948 947 948 949 948 947 947 948 947 946 947 946 944 945 945 947 947 946 946 948 947 949 949 948 948 947 947 946 946 947 946 945
987 984 979 975 974 974 976 976 977 977 977 976 978 980 980 980 980 980 980 979 979 982 983 982 983 982 981 981 980 978 977 975 975 971 969 965 963 962 960 958 958 957 958 959 961 963 965 963 959 953 953 953 952 951 952 950 949 945 945 949 949 947 947 947 946 947 947 945 944 946 946 946 946 945 945 945 944 945 946 946 948 948 947 946 946 946 946 946 947 947 946
982 978 977 974 973 973 974 975 976 977 978 977 979 978 978 978 980 979 979 980 978 978 981 982 982 981 981 981 978 976 976 977 979 982 980 972 968 963 962 959 957 956 958 958 957 958 958 958 955 953 951 951 951 951 952 950 949 945 946 947 947 946 946 946 947 946 946 945 945 945 946 944 944 943 942 942 942 945 945 946 946 947 947 947 948 948 947 947 946 947 947
979 976 975 973 972 973 975 976 977 977 977 978 979 980 978 978 980 979 978 979 978 977 978 979 980 981 980 979 978 977 977 983 991 1000 998 987 977 970 967 962 960 958 956 955 954 954 955 954 954 953 952 951 952 951 950 949 948 947 946 945 944 945 946 946 946 945 946 946 945 944 944 943 942 942 941 942 941 943 943 943 945 946 946 946 946 947 947 948 947 947 949
978 974 972 972 972 974 975 975 976 976 977 978 979 979 979 979 980 981 980 979 979 978 977 978 978 980 979 978 976 977 982 993 1004 1016 1016 1007 998 986 973 966 961 957 955 955 954 954 954 953 953 953 954 953 952 951 950 949 949 949 948 948 946 944 945 945 945 944 943 944 945 944 943 941 941 941 941 941 940 941 941 940 942 943 943 944 944 946 946 947 946 946 947
975 973 970 970 971 973 974 975 976 976 976 978 978 978 979 979 979 980 980 978 978 977 977 975 974 976 976 976 976 982 991 999 1008 1014 1016 1014 1014 1004 978 968 963 961 958 956 955 953 953 955 953 952 953 952 952 951 950 950 950 951 950 948 946 945 943 944 942 943 943 942 942 942 940 940 941 941 940 939 939 940 939 939 941 942 941 943 944 945 944 946 945 946 946
973 971 970 970 971 973 974 975 977 976 975 976 976 977 977 977 978 979 979 978 979 976 974 971 970 972 972 972 977 985 993 1002 1009 1012 1015 1016 1016 1009 985 972 967 965 960 957 955 955 953 954 953 952 952 952 951 951 950 950 949 950 948 947 947 946 944 943 942 942 941 939 940 940 939 940 939 940 939 940 939 941 939 939 940 941 941 940 944 944 943 944 945 946 946
971 972 971 970 971 973 973 974 975 975 975 974 974 975 977 977 977 978 977 977 975 973 972 970 970 970 971 971 976 984 988 994 1007 1015 1016 1014 1014 1011 991 978 970 965 960 956 956 955 953 953 953 952 953 952 951 950 951 949 948 949 947 946 947 947 945 943 942 940 940 939 939 939 939 939 939 938 938 940 940 940 939 941 940 940 940 939 940 941 943 942 943 944 944
969 970 970 970 972 972 974 973 975 975 975 975 974 974 974 974 975 973 972 971 970 971 970 968 970 970 970 972 975 979 984 988 1000 1010 1012 1007 1007 1001 987 978 971 965 961 959 957 955 953 954 955 953 951 951 951 949 949 948 948 946 946 946 945 947 944 941 941 941 942 940 940 940 939 940 940 940 939 940 940 939 939 940 940 939 940 942 941 940 941 940 941 942 942
970 968 967 971 972 972 973 973 974 974 974 974 973 973 972 973 972 971 971 970 971 970 972 969 969 969 969 970 973 979 984 987 993 1000 1003 1000 996 990 982 979 976 971 965 962 961 960 954 954 954 951 952 950 950 947 946 946 945 944 945 945 945 944 942 940 941 941 941 940 939 938 938 938 940 943 939 940 939 940 939 939 940 940 940 941 941 939 940 941 942 942 941
970 968 967 969 970 971 973 973 973 972 972 973 973 974 974 973 972 972 971 971 970 971 971 970 971 969 969 971 972 978 983 984 988 995 999 997 990 985 981 980 977 972 969 967 964 963 958 955 956 956 955 954 952 949 948 946 944 942 944 943 944 942 940 940 940 940 939 938 940 940 941 940 941 941 940 941 941 939 940 941 941 941 940 939 939 940 940 942 942 943 940
968 968 967 967 968 970 971 972 972 971 973 973 972 974 976 974 973 973 973 971 970 970 971 971 971 971 970 970 972 976 978 979 983 989 991 988 984 982 980 978 976 974 971 971 969 965 960 959 960 960 959 957 955 953 951 948 945 944 943 941 941 941 942 941 940 940 940 940 940 939 940 940 939 939 940 941 942 941 941 940 939 939 939 938 939 940 941 941 940 940 940
966 967 968 967 966 969 968 971 970 971 971 971 972 973 974 974 976 978 972 971 969 969 970 970 970 970 969 968 968 972 973 974 978 981 982 981 981 980 981 980 977 975 972 971 970 970 969 965 965 965 963 962 958 957 954 951 950 948 945 940 941 941 940 942 941 941 942 940 940 940 941 942 941 941 939 939 941 942 941 939 939 940 939 940 940 940 939 940 940 937 938
965 966 966 967 966 968 969 971 971 970 970 969 968 972 974 978 981 980 971 968 969 969 970 969 970 966 963 963 964 967 969 971 972 973 975 978 979 981 983 987 984 977 975 974 975 974 975 972 969 966 965 961 958 958 955 952 951 950 945 944 943 940 940 942 941 941 942 940 940 940 941 942 942 938 938 940 941 939 939 940 939 940 940 940 942 942 939 940 942 939 939
966 965 966 967 967 967 969 970 969 970 969 968 966 970 975 979 980 973 969 968 968 967 968 969 969 966 962 961 961 962 964 966 968 970 972 976 980 982 986 988 986 982 979 980 981 978 976 975 972 971 968 964 962 959 957 954 952 950 948 946 945 942 940 940 940 938 937 940 940 941 942 941 939 938 941 943 942 942 940 940 940 942 941 942 942 943 940 943 944 943 942
966 964 966 966 966 967 969 970 969 969 968 967 966 968 972 973 971 969 966 966 967 966 966 967 965 965 963 961 962 960 961 964 965 969 973 980 984 991 993 991 988 983 983 983 987 986 979 978 975 974 972 969 965 962 960 957 955 952 950 948 945 940 939 940 941 940 938 941 941 941 942 942 940 941 945 946 946 945 944 942 943 943 942 943 943 944 944 945 945 945 944
965 964 965 966 967 968 969 968 967 967 967 966 966 966 965 967 967 966 966 966 965 965 964 964 963 965 963 963 962 961 960 962 964 969 976 985 998 1007 1009 1003 996 986 984 985 985 986 981 982 981 981 976 971 966 962 961 958 958 956 952 948 945 942 940 941 941 941 941 941 941 940 942 941 942 944 947 947 950 950 946 946 946 944 943 943 944 946 945 946 946 944 944
963 963 964 966 966 967 966 966 966 967 967 966 964 962 964 964 965 965 965 966 965 964 963 962 963 961 961 962 961 961 959 962 965 972 981 991 1004 1014 1021 1017 1001 991 986 986 987 989 987 985 985 982 976 971 968 965 965 959 957 956 954 950 947 943 942 941 944 943 942 941 940 940 941 941 943 945 947 948 950 951 950 949 950 947 944 943 945 947 946 946 946 947 945
964 963 964 966 966 965 965 966 965 966 964 964 964 961 962 963 962 963 963 966 965 963 963 961 961 960 960 960 960 961 963 966 969 976 982 990 997 1003 1013 1017 1005 991 986 986 985 987 986 982 982 981 977 973 971 971 967 961 956 955 956 952 949 944 942 942 943 944 943 943 942 941 940 942 943 944 946 948 949 950 950 951 953 951 950 947 948 950 949 949 949 951 947
963 961 962 964 964 965 965 964 964 964 964 963 962 961 962 961 961 961 961 963 962 962 961 962 960 960 960 958 960 964 969 971 972 978 986 991 990 991 998 1005 998 989 983 982 982 980 980 976 975 973 971 970 969 972 969 963 960 955 953 951 947 944 943 941 942 944 944 945 944 942 940 942 942 944 945 945 947 948 949 953 954 953 950 948 949 951 952 953 953 953 952
963 962 961 960 962 962 962 964 964 963 963 961 960 960 960 958 959 959 959 961 961 960 960 961 961 960 960 958 959 963 968 971 973 978 983 985 984 984 988 990 988 984 979 978 979 978 976 973 971 968 964 963 965 967 968 962 958 952 949 947 945 943 943 941 942 947 947 947 946 943 943 943 944 945 945 946 944 945 950 953 952 952 950 949 949 951 953 955 957 958 956
958 959 960 960 959 959 961 965 966 963 961 960 959 958 958 957 956 957 957 959 960 961 959 958 959 960 961 960 957 958 963 968 971 977 981 980 978 978 982 983 981 980 977 976 977 976 976 972 968 964 961 959 960 961 963 962 958 951 947 944 942 944 946 943 943 948 947 947 948 945 943 944 947 947 947 946 944 944 948 952 952 954 952 953 953 952 952 954 957 960 957
956 957 958 959 959 956 957 962 963 960 959 958 956 955 955 954 954 953 957 957 957 957 958 957 956 959 960 959 954 956 960 965 969 974 978 976 973 972 975 979 979 974 974 974 974 977 976 970 966 963 957 957 956 957 959 958 955 952 948 942 940 941 943 944 945 949 947 947 948 945 945 946 946 946 944 946 947 948 948 950 954 956 955 955 954 954 953 953 956 959 957
953 957 958 957 957 954 955 957 959 958 958 957 956 955 953 952 951 952 954 955 955 955 955 954 955 957 958 956 953 955 958 962 966 971 972 971 966 963 965 969 968 965 968 973 976 980 980 975 969 963 958 955 953 951 953 953 952 949 945 942 940 940 940 942 943 945 944 944 949 947 945 946 946 944 944 946 948 949 951 954 956 959 957 959 956 956 957 957 960 961 957
954 955 956 955 955 953 954 956 957 955 955 956 955 953 950 949 949 950 951 951 953 953 953 952 954 953 953 952 952 954 956 957 961 964 966 967 962 960 959 959 958 959 964 973 980 982 982 981 976 964 958 954 951 948 947 947 945 944 943 941 941 941 941 943 942 943 943 946 949 949 948 945 944 943 943 945 947 949 951 955 958 959 961 961 959 957 958 959 959 957 957
953 955 954 952 950 950 952 955 954 953 952 953 952 952 952 948 946 948 948 948 949 950 951 950 951 950 951 951 950 950 951 952 956 956 956 957 957 957 956 955 954 954 959 967 975 977 981 984 979 969 960 956 951 946 942 942 942 941 941 941 940 941 942 942 942 943 943 945 947 947 945 944 944 944 945 946 947 949 950 954 956 958 959 961 962 962 959 960 959 959 959
951 953 952 952 949 950 952 953 952 952 952 951 951 950 949 946 944 944 945 946 948 950 948 947 949 948 949 950 948 949 948 948 949 950 950 951 953 955 954 952 951 950 953 960 967 971 977 981 979 972 961 956 951 943 941 941 942 940 939 940 940 941 941 942 943 944 946 947 946 944 944 944 945 944 946 947 949 949 951 954 955 957 961 962 964 964 963 962 960 960 961
950 951 950 950 948 948 951 951 951 950 949 948 947 946 945 943 941 940 941 944 945 946 945 948 948 948 947 947 946 947 947 948 948 947 946 946 948 948 947 944 944 946 949 953 960 965 972 978 980 976 966 957 947 941 941 939 939 942 940 941 941 942 943 943 945 945 946 945 943 944 946 943 944 946 947 947 950 950 952 953 954 954 959 961 963 964 963 965 964 963 965
950 949 949 949 947 946 947 948 950 950 948 947 946 944 943 941 939 938 939 943 944 945 945 946 945 946 944 943 944 945 944 944 945 946 946 945 946 946 942 941 941 942 944 948 953 958 967 974 978 974 965 952 944 942 940 940 938 941 940 940 943 942 943 944 943 944 943 944 945 943 945 944 944 945 946 948 949 950 952 953 954 954 956 961 962 964 966 967 967 970 974
947 947 948 947 948 946 945 945 946 947 946 945 945 944 943 942 939 936 938 942 943 942 943 944 944 943 941 941 941 941 940 937 939 940 942 943 942 942 941 939 939 939 939 941 947 953 958 964 970 968 957 945 941 941 939 940 936 940 942 941 943 945 944 944 943 943 943 945 945 944 944 944 946 946 946 946 947 949 951 952 954 956 957 960 964 965 965 969 970 972 975
947 947 948 947 947 945 944 944 945 944 944 942 943 944 941 940 937 936 938 942 941 941 941 942 943 942 940 938 937 937 937 937 937 938 938 939 938 939 939 938 938 936 938 938 940 943 947 952 956 955 947 942 940 940 940 941 938 939 940 943 942 943 942 942 944 944 944 946 946 946 946 946 947 949 948 947 947 950 952 952 955 957 958 961 964 966 968 970 972 975 974
949 947 948 947 948 946 945 944 942 942 941 940 940 940 938 938 937 935 937 938 940 940 940 939 941 940 939 939 938 936 935 936 936 937 936 936 937 938 939 937 937 936 937 938 937 937 939 942 943 943 939 938 937 939 940 941 940 940 940 941 941 942 941 942 944 945 947 949 950 949 948 948 949 949 949 948 949 955 958 957 957 956 960 962 965 966 967 970 974 975 976
950 949 948 948 948 947 945 946 944 942 940 940 938 938 937 936 937 936 938 944 942 940 940 938 938 938 937 936 937 936 935 936 937 937 935 935 936 935 937 938 937 937 936 936 935 936 936 938 938 938 939 939 939 940 938 939 941 940 940 941 942 943 943 944 944 945 948 950 949 949 948 950 952 951 951 951 952 958 961 962 963 963 962 964 966 967 968 973 974 975 975
952 949 948 948 948 947 946 947 946 943 941 939 937 938 937 936 936 936 940 942 941 939 937 937 937 936 935 933 935 937 937 936 935 936 934 935 937 937 937 937 937 938 935 934 937 938 938 938 939 940 939 939 939 939 940 940 941 942 940 940 942 943 944 944 946 945 948 950 950 949 950 950 951 952 953 952 953 956 961 964 967 967 968 968 967 967 969 971 973 974 976
952 951 949 948 948 947 947 947 946 943 942 939 937 937 937 936 936 936 938 939 939 939 937 935 935 936 936 936 936 935 936 935 933 935 935 935 938 937 938 937 936 935 935 936 937 937 938 939 938 939 939 939 939 940 939 940 939 942 940 938 941 943 944 944 945 946 946 947 949 950 950 949 950 954 954 954 954 958 961 964 967 969 971 973 970 968 970 972 974 974 976
951 951 949 948 947 947 946 944 943 941 940 938 938 937 936 936 934 934 935 937 937 936 935 935 935 936 936 936 937 935 936 934 935 936 936 934 936 936 935 935 936 935 935 937 937 937 938 938 939 939 939 938 939 938 938 939 940 940 939 938 940 944 945 945 946 947 946 946 948 951 952 953 953 955 956 955 957 960 963 965 966 969 972 973 973 972 972 974 976 977 977
951 950 949 947 947 946 944 943 940 939 937 936 937 936 937 936 935 936 936 937 937 935 933 935 935 935 936 935 936 936 936 935 935 936 937 936 935 934 935 935 936 935 935 936 936 937 938 939 938 938 938 939 939 939 940 939 941 939 940 939 942 942 945 947 946 947 946 945 948 950 953 954 954 957 957 957 958 959 963 965 968 970 970 972 973 975 975 977 979 978 979
