ViewShed-Visualize/viewshed_visualize2/raster10.asc
ncols        888
nrows        755
xllcorner    34.321249999951
yllcorner    31.467083333340
cellsize     0.000833333333
NODATA_value -32768
[rows 684 to 740 of 755, columns 576 to 671 of 888]
201 200 199 198 196 194 195 197 197 199 202 206 209 209 209 207 210 214 218 227 232 237 241 246 249 248 241 233 229 233 238 240 244 249 251 251 257 250 238 245 259 264 265 268 265 261 259 253 244 247 254 258 262 268 273 278 282 285 288 286 281 275 273 276 276 279 286 297 303 304 306 310 307 305 307 303 301 306 309 313 314 319 328 333 328 328 335 346 352 360 369 360 346 339 340 337
199 202 200 203 201 201 200 201 200 202 201 202 203 204 207 211 215 215 215 222 230 237 239 240 241 243 237 227 229 234 239 242 242 246 250 254 252 241 234 247 258 262 257 260 261 254 249 247 241 250 256 260 268 272 274 281 282 281 284 284 285 290 288 290 290 283 286 294 298 300 303 311 309 307 313 314 309 307 307 310 313 319 325 325 318 321 333 342 352 356 356 362 349 333 331 328
191 192 197 201 204 205 204 205 205 208 207 206 205 208 211 215 221 226 222 221 223 228 231 235 235 235 231 222 232 240 248 250 245 247 248 243 236 229 238 253 260 260 252 249 258 254 244 242 240 251 261 266 273 270 268 277 273 268 273 278 286 292 290 292 296 290 285 288 290 292 297 303 303 306 313 318 317 314 312 318 324 324 321 312 312 327 335 340 345 342 350 360 348 329 322 330
193 189 192 198 203 207 209 209 211 213 213 212 208 211 215 219 223 231 230 230 230 229 229 231 229 222 221 219 232 238 239 229 223 224 227 223 222 224 234 241 244 247 242 240 245 240 237 240 246 256 267 269 268 264 261 263 263 269 281 287 286 284 280 283 288 288 288 292 295 294 293 296 299 305 310 313 319 318 320 324 327 324 315 305 313 323 324 329 330 337 352 350 335 322 322 338
196 192 189 191 198 204 206 207 209 210 215 216 213 216 222 228 230 236 236 231 231 224 215 213 213 211 212 216 219 219 218 218 219 216 218 223 230 231 229 231 231 232 231 231 235 233 236 242 248 256 261 259 252 252 251 258 268 278 284 284 277 273 278 287 289 290 291 296 302 306 303 301 302 307 315 319 322 323 322 319 319 312 303 303 315 317 318 321 325 339 344 337 323 318 329 342
199 196 194 190 191 195 200 204 207 208 212 214 213 216 222 230 237 236 228 220 214 208 209 212 218 219 221 220 217 215 216 225 227 224 220 218 220 227 233 236 237 241 242 246 251 252 247 243 241 246 252 248 245 248 250 261 271 276 280 274 269 276 284 292 294 294 297 304 308 310 311 309 302 307 315 315 316 314 307 303 301 297 296 306 312 308 311 313 323 331 328 320 313 325 343 351
201 199 199 198 192 192 195 200 204 207 209 210 212 218 222 225 227 224 212 206 210 211 216 220 226 231 235 238 234 228 223 233 236 235 234 227 225 226 224 224 230 237 243 249 256 259 255 253 250 243 242 245 255 258 251 255 261 266 266 265 271 275 277 282 285 288 297 307 309 306 308 305 297 303 311 306 304 299 290 286 287 287 292 300 302 302 302 307 314 317 313 309 316 332 349 351
207 206 202 200 194 191 192 195 198 202 203 208 215 218 213 208 209 207 204 208 214 216 224 228 232 239 245 252 249 237 229 234 239 241 241 241 236 235 232 229 224 229 235 243 250 258 259 257 258 259 257 257 267 263 252 258 261 261 267 276 284 288 288 289 287 291 298 302 298 295 303 297 291 298 303 296 291 287 284 291 293 294 293 295 295 295 296 299 303 305 304 307 319 334 341 339
211 211 214 209 196 194 201 199 197 197 199 205 209 205 202 204 205 207 210 219 229 225 229 235 239 246 250 252 249 239 233 234 236 239 244 245 248 249 249 244 234 228 227 238 246 251 252 252 257 264 268 268 273 264 254 259 266 269 275 282 286 284 286 293 294 289 292 288 285 291 296 289 287 292 289 284 281 281 290 303 305 305 311 313 311 310 310 310 304 299 301 305 313 326 333 328
217 221 223 212 196 197 206 210 207 202 200 198 201 202 207 212 214 218 222 237 243 237 230 234 243 253 258 253 248 243 237 236 240 240 243 245 249 252 254 252 250 243 229 230 235 241 249 255 258 267 271 278 278 272 260 256 257 262 266 271 271 271 279 286 283 278 277 276 279 286 287 283 282 280 278 281 289 290 292 306 313 312 319 327 333 337 334 325 311 305 308 307 306 314 319 315
222 228 221 204 196 203 209 212 210 206 207 207 207 209 210 220 227 234 237 241 245 245 240 247 250 254 256 251 247 245 242 241 243 247 247 246 249 255 261 262 259 253 236 226 232 244 255 261 267 269 275 276 276 283 280 275 265 260 260 262 264 264 268 270 268 268 270 271 273 275 276 275 276 278 286 295 300 302 297 306 318 321 318 327 340 348 341 327 311 314 322 317 309 308 309 309
221 226 212 198 199 207 213 216 212 208 209 214 214 219 217 218 223 229 233 239 245 247 249 255 255 253 250 249 246 243 245 245 247 250 253 252 254 255 259 264 264 260 248 229 229 242 253 260 268 274 275 269 274 285 288 285 276 268 269 273 273 273 267 265 270 277 278 280 282 279 276 275 277 278 287 294 297 305 305 306 319 329 328 334 346 343 333 323 314 328 338 328 315 319 325 327
222 221 207 196 201 208 214 219 216 214 213 219 223 227 229 225 222 225 233 240 242 243 248 254 253 247 247 243 241 240 241 245 250 251 250 250 253 254 257 265 267 264 253 233 231 242 250 254 260 263 264 262 268 274 278 282 283 277 272 273 276 279 277 274 279 286 289 290 294 297 288 282 286 286 285 294 301 310 315 316 325 336 342 345 351 346 331 319 321 339 347 331 317 329 343 350
227 224 212 199 199 208 213 219 220 219 220 221 224 230 234 236 234 235 234 238 239 239 242 246 247 241 243 242 238 237 242 247 249 248 246 248 250 255 261 267 269 269 258 238 232 235 239 245 250 253 256 259 265 267 268 276 283 288 285 280 277 281 283 281 284 289 296 302 305 301 292 288 296 294 288 297 305 311 315 321 330 335 336 342 355 353 338 322 323 340 344 332 321 333 347 359
233 231 221 207 200 201 208 217 219 222 224 229 234 236 237 243 244 244 242 240 235 233 235 239 243 243 238 238 239 237 241 244 245 244 248 250 254 259 262 267 264 264 261 249 239 239 236 243 254 261 265 272 277 276 272 275 280 286 292 289 282 285 288 286 285 288 292 298 300 298 294 298 304 302 293 293 298 303 307 314 319 322 327 342 356 353 338 326 325 336 346 341 325 328 339 358
237 234 222 212 206 202 202 209 214 216 219 226 231 235 237 236 239 240 238 236 232 228 231 238 240 239 233 235 237 238 240 243 245 242 244 246 250 255 260 262 260 263 268 266 254 244 236 239 250 256 260 268 277 279 279 284 290 293 294 289 287 290 292 291 291 292 292 294 297 298 297 302 310 314 307 298 299 308 316 323 326 331 338 345 347 344 339 336 333 338 352 355 341 330 336 357
240 235 221 212 212 209 201 201 206 208 210 217 223 228 232 227 231 232 230 232 229 227 230 236 233 231 231 229 230 233 234 237 239 238 241 244 248 251 254 254 255 259 265 267 268 258 239 235 238 241 243 249 259 270 281 287 289 290 290 284 285 294 297 298 297 300 298 298 298 299 299 303 311 317 317 308 302 306 317 323 330 338 341 340 330 332 345 344 339 341 353 363 356 338 334 350
238 233 226 219 216 210 203 203 202 204 206 207 213 218 221 222 224 228 224 224 223 222 228 229 228 226 228 231 233 236 238 240 239 238 243 245 246 250 250 253 256 259 261 265 269 264 255 250 245 241 242 241 245 264 282 287 280 278 279 275 286 295 299 299 294 296 301 302 301 296 296 298 301 306 311 315 312 310 323 334 341 339 329 327 322 329 342 347 353 354 354 364 361 346 335 340
232 229 226 221 215 208 205 208 209 205 207 211 213 214 214 215 217 222 219 220 220 220 222 224 226 228 232 236 237 241 242 244 245 242 247 249 250 251 252 256 260 264 266 269 273 269 270 271 261 253 249 245 242 251 274 288 282 269 268 270 277 283 286 287 287 297 307 308 304 295 291 297 301 301 306 316 321 317 320 331 337 338 328 313 312 322 334 348 355 358 355 357 360 350 345 351
226 222 221 217 214 213 212 209 210 210 207 206 210 212 213 214 214 218 220 223 223 227 224 222 223 227 232 235 239 240 243 245 245 243 245 247 246 248 248 250 254 257 261 270 277 279 279 278 271 261 256 253 248 243 258 279 281 271 264 270 274 275 278 278 287 301 309 309 304 293 289 300 309 308 311 317 325 327 324 325 330 335 328 310 308 321 337 343 338 349 346 346 356 352 353 363
226 221 223 222 224 226 220 214 211 213 216 209 209 208 210 216 219 223 225 226 225 228 227 224 225 226 229 233 234 236 238 238 238 240 239 239 242 246 251 253 256 254 257 265 270 274 277 277 271 267 262 264 257 245 247 264 271 265 264 275 282 287 290 289 286 294 306 308 303 291 287 299 309 310 313 318 325 332 337 334 324 322 319 307 307 321 335 331 330 344 339 336 341 347 355 361
227 231 233 228 230 231 226 218 214 216 221 222 219 218 211 213 218 224 228 226 226 228 228 228 229 227 227 228 230 232 234 235 235 235 239 241 240 242 248 253 259 260 261 262 263 266 274 279 279 274 270 271 261 246 247 254 259 262 273 282 289 294 294 294 294 292 298 302 299 286 284 295 307 314 312 321 332 337 342 338 326 311 305 300 306 317 322 316 324 339 328 323 332 345 346 353
235 238 241 237 233 227 221 218 217 223 226 229 230 223 215 212 213 219 221 221 225 230 231 234 235 233 229 227 232 232 231 235 236 240 241 244 244 243 243 246 251 255 263 269 270 274 281 282 283 282 283 277 260 247 253 261 261 267 277 282 284 287 285 287 291 293 298 303 301 287 280 292 304 305 304 320 331 330 330 324 323 316 301 294 299 302 302 304 315 326 321 319 331 340 341 353
240 239 239 235 233 230 222 218 222 229 230 231 230 226 226 219 213 212 214 219 226 233 237 243 246 243 239 234 240 238 234 238 243 247 247 250 250 247 242 246 253 258 264 273 275 276 276 279 284 285 285 276 258 248 251 262 266 268 271 273 275 276 280 283 286 284 297 307 304 289 279 289 294 293 301 313 318 316 319 313 311 314 298 290 292 292 292 295 300 306 310 318 331 332 345 360
239 234 233 230 231 229 221 219 226 232 236 238 233 228 228 221 218 214 211 215 222 230 238 247 251 249 244 240 244 247 239 241 251 256 255 256 258 252 246 250 256 263 265 268 270 268 270 280 281 281 276 267 255 251 248 253 255 258 262 265 269 273 279 283 280 277 294 304 299 282 274 280 286 293 297 302 311 318 315 306 299 297 288 283 283 287 287 287 292 295 306 321 328 329 347 360
234 232 231 228 227 224 221 221 224 231 236 238 237 232 231 227 223 223 217 213 221 233 238 244 249 253 248 243 248 251 247 246 254 261 264 263 262 255 249 249 253 256 258 260 264 267 271 273 275 273 269 265 262 258 254 252 250 251 251 255 257 257 260 261 264 267 282 293 290 275 274 283 289 292 295 306 320 324 316 302 292 286 283 282 290 300 302 298 289 289 300 317 316 326 339 350
238 237 234 229 228 226 223 221 224 230 236 239 237 234 230 226 224 222 215 214 220 231 237 243 246 247 244 242 244 247 247 251 253 256 258 262 260 254 249 249 253 256 260 265 262 264 266 267 271 275 278 282 276 272 266 259 255 253 252 251 254 258 259 255 253 257 263 273 275 268 272 279 283 291 302 314 321 317 312 298 287 281 280 288 301 309 313 312 299 288 293 307 315 331 342 345
243 242 237 233 232 230 226 223 224 229 235 240 239 238 231 226 222 218 214 216 217 222 229 238 241 242 241 236 237 240 242 247 251 251 254 261 261 259 251 250 254 256 259 260 260 261 264 266 270 277 283 288 288 288 280 270 269 265 267 265 263 266 263 264 266 262 258 258 260 269 281 290 292 297 308 319 321 308 302 291 282 278 285 297 306 312 316 315 304 290 291 309 324 338 348 342
245 242 238 236 235 232 226 226 228 230 234 240 240 234 228 224 223 220 218 216 219 220 223 227 229 232 232 233 233 237 239 243 246 247 253 261 266 262 254 252 256 257 259 262 270 274 274 272 272 273 276 281 284 284 285 285 283 274 274 273 272 272 269 271 274 271 267 262 260 269 281 289 290 300 312 319 315 304 293 285 276 281 291 299 310 321 327 322 308 294 290 313 329 340 343 336
241 240 237 233 231 229 227 229 233 236 235 239 237 232 227 224 229 227 226 226 220 221 229 230 227 226 230 237 238 240 243 244 246 249 252 258 264 262 256 254 256 263 264 265 275 281 281 275 275 280 279 280 278 281 286 295 294 286 286 283 281 281 275 276 280 276 272 267 260 264 274 278 287 301 310 311 306 300 288 276 276 287 296 306 317 331 336 327 309 295 291 312 327 335 333 324
238 238 237 233 233 231 230 229 235 239 241 242 239 235 230 229 232 234 230 228 220 221 230 234 234 230 230 235 238 243 246 248 251 253 254 257 260 262 257 258 256 262 268 272 272 278 279 280 284 289 290 287 287 283 285 293 298 299 298 295 292 284 277 279 284 280 278 277 266 262 264 273 285 295 302 303 300 295 281 274 279 288 295 303 312 327 334 324 306 292 292 312 322 327 323 311
237 239 240 238 238 235 232 229 232 236 238 239 242 240 232 229 229 235 235 228 221 224 230 236 237 234 232 232 236 243 244 247 253 256 262 260 262 265 262 262 261 262 267 271 270 271 274 280 286 291 296 297 295 288 284 290 295 298 301 301 293 281 279 288 292 287 282 285 279 267 263 267 272 280 290 294 291 284 274 275 283 286 290 295 304 315 322 314 300 295 300 314 318 317 309 303
236 238 242 243 241 238 234 232 233 235 238 239 243 240 232 231 233 236 236 227 219 223 232 237 240 239 239 238 235 239 241 243 248 254 260 262 264 266 266 266 265 264 266 267 269 271 274 277 280 285 288 290 292 290 291 291 293 295 296 297 289 280 283 295 299 290 284 288 288 280 273 270 270 271 272 282 283 275 274 278 287 294 300 299 298 305 312 309 298 298 305 318 317 305 302 308
239 239 241 244 245 243 238 235 235 238 243 247 245 239 233 234 238 238 234 224 221 227 232 240 244 242 242 240 239 239 240 239 242 248 256 261 266 266 265 269 271 271 273 272 273 280 283 281 278 281 283 288 290 289 293 298 300 302 300 293 287 283 289 299 302 292 285 292 297 292 286 280 277 273 269 271 273 272 274 283 296 306 313 312 304 310 320 317 301 295 304 314 311 302 307 314
243 243 245 247 247 244 240 235 236 240 244 248 244 241 237 238 241 237 232 226 223 224 232 241 244 247 247 243 243 243 244 243 240 242 249 257 262 259 262 270 275 279 280 278 276 279 284 287 285 281 284 289 287 286 293 302 306 306 299 293 291 291 289 293 299 295 289 293 300 300 293 285 279 273 273 274 272 274 279 290 304 315 324 324 315 316 330 331 312 298 298 301 300 301 311 326
246 246 247 248 248 244 241 239 240 241 246 248 247 241 238 241 242 237 235 227 225 223 231 239 241 251 255 253 252 251 251 251 248 244 245 252 256 255 260 269 274 279 283 282 281 279 280 285 283 278 279 282 281 286 294 298 302 300 295 294 301 303 297 294 300 300 295 293 299 304 297 291 284 277 279 280 280 282 287 296 305 319 334 339 331 323 326 336 333 314 305 302 303 314 329 347
244 245 246 250 250 248 242 240 240 239 243 246 248 241 240 245 244 238 236 233 229 225 232 238 241 249 254 254 255 255 258 258 256 250 245 247 248 251 256 264 268 271 275 274 277 278 274 278 276 273 272 277 279 284 288 292 297 296 293 297 304 308 304 299 306 306 302 299 303 309 305 297 289 280 281 286 291 289 293 302 311 327 345 355 350 341 334 336 346 343 335 333 334 343 353 362
240 239 243 248 249 246 242 242 244 244 246 248 246 243 246 246 247 244 239 235 229 227 227 234 237 241 244 247 250 256 261 263 258 251 250 250 249 250 252 256 260 262 266 270 271 265 266 269 270 272 277 281 282 282 285 292 294 291 292 301 307 303 303 306 311 314 313 307 306 310 305 295 286 281 285 291 299 300 302 312 327 335 342 347 346 346 352 351 357 371 367 359 355 356 359 356
237 239 245 249 249 246 245 245 249 251 251 251 249 248 249 249 246 242 238 236 232 233 229 229 234 238 238 243 247 253 256 258 257 253 253 256 259 257 254 254 254 255 259 264 262 259 260 261 266 269 272 272 276 278 283 288 288 285 292 302 303 295 300 308 310 313 314 312 307 305 298 291 284 282 289 299 310 316 314 322 336 338 329 329 332 341 357 371 376 377 371 359 351 348 351 361
239 244 248 250 250 248 244 247 251 254 254 252 251 253 256 251 246 242 241 239 241 239 233 228 232 239 244 244 248 251 249 247 250 249 251 255 260 262 263 261 258 258 256 257 257 260 266 265 265 267 268 269 272 277 280 281 282 285 293 297 294 291 295 299 301 306 306 307 303 302 297 292 287 283 292 308 323 330 324 319 325 322 321 332 342 347 357 371 374 365 367 357 343 346 358 372
239 243 246 248 249 247 245 247 249 250 248 249 251 254 257 255 248 246 246 245 245 239 233 229 231 238 241 241 241 245 242 242 244 244 247 249 252 253 255 259 261 265 261 260 265 266 270 272 271 271 274 278 274 274 274 276 279 282 286 287 286 288 290 293 297 298 300 304 306 308 309 300 291 286 293 308 323 326 318 308 311 319 332 344 353 358 360 358 364 356 355 348 339 352 363 365
235 237 242 247 244 240 240 242 243 245 245 248 250 253 254 254 253 249 246 247 244 240 236 232 230 234 235 237 237 238 240 243 249 251 251 251 253 254 254 254 258 263 268 270 271 271 278 280 284 283 285 286 281 276 274 277 281 283 281 282 284 292 299 302 301 300 306 312 316 315 311 302 296 291 290 294 300 302 302 305 316 334 344 341 347 347 351 348 355 350 341 337 337 348 352 358
236 239 243 245 242 237 233 234 237 240 243 248 250 255 255 252 251 248 249 251 247 243 240 233 233 237 237 238 240 243 244 245 249 255 258 259 260 261 255 255 260 263 264 268 270 272 277 279 281 283 283 286 286 279 276 283 290 293 290 290 287 290 297 300 300 304 313 319 321 322 322 309 301 298 296 292 293 294 297 302 317 336 341 331 335 339 348 340 345 346 336 330 333 336 345 359
235 237 238 240 239 233 231 237 244 245 243 246 251 255 256 253 249 247 249 251 248 246 246 235 236 244 246 247 248 247 249 248 250 258 262 264 266 269 261 255 259 259 259 260 263 266 271 274 277 282 288 289 284 280 283 290 297 301 302 298 290 289 294 294 297 301 307 310 316 324 326 319 313 310 301 297 297 298 297 298 311 326 325 319 324 337 344 334 333 335 330 335 345 340 338 346
230 229 234 236 232 227 232 239 240 240 242 247 253 254 254 252 248 245 247 251 251 252 251 240 235 239 245 250 252 252 255 255 255 258 263 269 271 276 273 264 264 262 266 265 262 266 270 274 279 283 290 292 287 282 283 289 295 299 304 306 300 293 294 295 298 299 304 310 317 321 322 322 323 321 312 308 308 303 303 301 303 310 308 309 318 332 333 325 324 326 334 351 365 364 353 346
226 225 233 236 229 225 229 234 238 238 240 246 250 251 250 249 245 244 248 253 255 255 252 245 239 236 241 244 248 252 259 258 261 262 265 271 270 272 278 279 275 273 270 269 266 265 265 270 276 280 285 289 287 286 288 287 291 296 302 306 305 297 298 304 309 306 306 308 311 312 315 319 323 328 329 324 317 309 310 310 305 303 308 310 313 321 320 328 337 347 357 367 372 378 378 376
218 220 225 227 225 225 232 238 237 233 237 244 249 247 244 244 242 245 249 251 252 252 253 253 247 239 236 240 244 250 251 255 259 262 268 270 266 271 279 279 281 281 275 273 273 267 265 270 278 284 289 290 290 292 295 294 290 294 296 299 301 298 301 308 314 316 315 314 314 315 317 320 331 339 343 333 319 316 318 319 314 307 316 325 319 318 320 327 338 353 361 360 360 372 384 399
214 216 217 220 222 228 236 242 235 232 240 246 249 246 241 238 240 243 245 246 248 250 253 254 252 243 240 240 242 243 247 248 253 258 263 265 264 271 275 274 277 282 282 280 274 267 270 278 285 292 293 289 290 296 298 294 293 298 298 300 299 303 306 307 308 313 316 320 324 325 325 329 339 347 344 332 324 329 330 326 317 309 315 329 335 338 339 337 337 341 346 351 360 370 385 395
218 215 218 224 227 232 235 234 230 231 238 241 244 241 237 240 243 244 246 248 251 253 253 253 253 250 246 247 246 240 239 247 254 255 256 261 263 265 268 271 273 279 282 279 272 268 275 281 281 283 282 282 287 293 293 295 296 299 298 300 305 309 315 317 315 318 321 325 328 328 329 336 341 342 340 333 332 345 344 333 325 315 313 324 338 347 353 360 361 359 361 370 384 390 392 392
221 217 219 223 227 229 227 224 226 228 231 233 237 235 238 243 245 246 248 248 250 256 257 257 257 255 249 250 251 246 241 246 257 257 256 262 268 269 274 280 281 285 284 278 274 270 272 277 277 278 280 282 284 286 288 291 292 292 294 299 304 309 313 316 321 323 327 331 329 323 324 328 331 334 342 341 342 354 351 338 334 327 315 316 325 334 347 361 366 361 359 373 397 398 385 380
227 221 218 219 221 222 222 222 224 225 226 228 232 234 241 241 242 248 250 251 253 259 261 260 259 260 258 256 254 249 244 243 253 260 261 261 264 267 272 276 280 282 282 280 274 271 269 273 278 282 285 289 293 294 296 295 292 292 294 296 301 306 310 316 321 317 321 322 319 317 319 323 326 333 340 346 351 355 353 353 348 333 321 324 320 322 329 337 343 344 355 376 392 386 372 363
227 223 223 222 220 221 223 226 224 225 227 229 231 236 239 237 239 244 249 254 256 259 262 264 263 265 265 262 257 256 250 242 249 260 266 263 267 267 266 270 274 276 281 282 279 275 274 274 276 280 284 289 294 299 303 303 303 299 298 298 300 301 305 309 311 308 309 312 314 321 331 337 338 334 335 340 345 353 364 373 364 343 330 341 344 336 330 328 326 336 351 366 376 370 357 352
227 226 227 229 228 227 226 228 229 230 228 230 231 232 233 234 237 242 245 249 250 255 264 265 267 267 268 270 264 256 252 245 246 254 261 266 271 273 271 273 276 277 280 283 288 281 278 281 281 279 279 283 290 294 301 304 302 300 299 305 307 305 305 304 306 311 311 312 315 325 338 353 359 356 345 337 343 353 363 375 370 349 336 343 358 364 359 346 331 331 336 344 352 353 349 361
229 234 231 234 237 233 228 231 235 236 234 234 231 231 234 235 236 239 242 249 254 261 267 265 263 264 268 267 265 258 253 247 245 249 256 262 269 276 279 282 281 278 279 282 290 292 290 290 289 282 281 281 284 287 293 295 294 295 296 300 306 310 315 318 316 319 321 325 321 319 331 346 363 366 356 347 345 350 353 361 364 362 351 343 354 372 378 363 341 338 338 339 338 346 360 375
235 239 239 238 242 236 229 233 240 243 243 238 234 231 237 241 238 238 243 250 255 259 260 259 257 263 269 269 268 263 257 252 247 247 253 262 267 276 282 285 284 278 276 282 290 296 296 295 292 287 290 287 282 284 288 289 291 295 297 300 302 306 313 318 318 319 327 334 333 327 325 337 351 354 349 352 357 358 361 360 363 373 370 357 352 368 387 375 350 356 361 354 342 350 370 379
238 240 245 245 243 237 236 238 246 251 250 239 233 233 237 241 242 241 241 243 248 255 255 252 256 263 268 272 269 268 260 259 254 248 253 258 262 269 276 276 275 273 269 274 285 289 290 293 290 289 292 291 291 287 285 289 295 300 304 312 314 312 311 314 314 318 327 339 346 340 328 329 335 336 340 348 352 360 373 375 372 379 384 382 368 369 392 385 363 374 386 371 349 348 361 368
237 243 248 248 243 237 241 247 249 248 243 238 235 235 237 243 247 247 248 244 244 246 247 250 255 261 269 274 273 269 266 267 261 250 250 253 255 258 257 256 257 259 256 263 272 277 285 289 287 289 291 296 297 294 289 290 291 296 304 312 320 322 318 319 322 322 328 340 352 346 333 327 328 332 334 339 349 362 375 372 375 378 383 393 378 372 396 399 381 385 400 384 359 345 349 358
