ViewShed-Visualize/viewshed_visualize2/raster3.asc
ncols        288
nrows        211
xllcorner    34.488749999951
yllcorner    31.665416666673
cellsize     0.000833333333
NODATA_value -32768
[rows 66 to 131 of 211, columns 192 to 287 of 288]
28 27 29 28 27 27 27 28 27 26 28 27 27 29 28 24 24 24 25 27 27 27 25 22 23 22 16 19 22 22 26 27 26 26 22 24 23 23 24 25 24 28 27 28 31 32 32 32 32 30 26 26 26 27 28 30 31 31 32 31 32 36 37 37 41 42 45 49 51 56 59 61 59 53 52 54 55 50 45 44 43 45 47 51 52 47 45 44 44 45 45 45 45 48 49 52
28 31 33 31 29 31 31 30 30 28 29 28 33 37 30 26 24 24 26 27 26 26 25 22 23 23 17 21 22 22 24 25 26 23 23 22 23 24 23 23 27 26 27 29 30 30 29 30 29 29 27 26 27 28 31 31 32 32 33 33 35 39 39 40 41 42 44 46 51 54 59 60 56 51 50 49 45 45 42 41 39 42 45 48 47 45 43 42 42 44 43 44 49 50 55 57
29 29 33 36 32 30 29 28 29 31 28 29 37 30 27 26 25 27 28 27 26 27 23 22 21 20 20 23 23 23 23 23 23 21 22 23 24 25 22 24 26 27 27 30 29 27 27 26 25 27 26 26 28 28 30 31 31 32 33 36 40 42 43 41 39 42 44 45 50 54 55 55 54 51 48 44 42 43 41 41 40 41 42 44 43 43 42 41 42 45 46 48 50 52 57 60
28 27 29 31 30 30 29 27 28 30 31 34 39 35 26 26 25 26 27 27 26 27 25 22 19 20 22 22 23 23 22 21 22 22 21 22 23 23 23 23 25 26 29 26 26 25 24 24 27 27 27 28 29 28 29 30 30 31 33 38 43 47 44 41 39 41 43 44 49 53 51 49 48 47 45 41 41 41 41 40 40 41 39 40 40 39 39 41 43 45 49 52 53 55 57 58
29 28 28 30 30 28 27 28 31 31 31 33 36 36 30 27 27 26 27 26 27 26 25 21 18 20 22 24 24 23 21 21 21 21 23 23 24 24 24 25 24 24 26 26 25 25 26 28 30 29 28 28 30 31 31 30 31 31 34 38 43 47 43 39 40 42 43 45 47 48 46 45 43 41 41 40 40 38 38 40 37 39 38 38 39 39 41 43 44 48 51 54 57 57 57 61
28 31 29 30 28 29 29 27 28 29 31 30 30 30 26 25 28 29 26 26 25 24 23 22 19 20 22 23 23 25 21 22 23 22 22 23 23 22 23 22 23 23 23 24 23 24 26 29 29 29 30 30 29 30 30 32 32 33 34 37 41 42 38 37 38 40 41 44 43 42 40 39 41 41 40 39 37 37 36 37 36 38 38 40 41 41 45 46 45 49 52 55 55 54 57 57
28 28 29 30 29 31 28 24 27 27 26 28 30 28 28 28 28 28 25 25 24 22 23 21 24 23 22 23 23 21 21 21 21 22 24 23 23 22 20 19 22 24 25 26 25 23 24 25 26 28 28 29 30 31 30 32 33 35 37 38 38 36 36 36 36 38 40 41 42 41 39 37 38 38 38 37 37 37 35 36 35 38 41 44 46 46 49 49 50 52 53 53 54 54 55 56
28 29 29 29 30 30 26 27 26 29 27 28 26 27 27 28 28 25 24 25 23 23 22 22 26 25 23 23 22 20 23 25 21 20 22 22 23 23 22 22 21 24 26 27 27 24 24 23 23 25 25 26 26 28 31 32 34 37 38 38 35 33 34 34 35 39 39 39 38 36 36 35 35 34 36 37 36 37 36 37 37 39 42 45 47 52 55 55 54 55 54 55 52 50 52 53
27 29 29 29 30 30 29 30 26 31 34 32 25 22 22 25 25 23 23 25 23 23 23 23 24 20 19 20 22 22 24 23 23 22 22 21 22 23 22 23 24 24 25 25 25 23 25 25 25 25 25 24 26 28 30 31 33 35 36 35 35 34 33 31 33 38 39 38 36 36 35 35 35 35 33 34 35 35 36 35 38 41 41 45 47 50 57 59 59 56 54 53 50 47 49 53
29 27 27 27 28 30 30 28 33 35 30 30 27 25 23 23 23 21 22 23 25 24 23 24 22 21 19 19 22 21 23 23 23 23 23 23 24 24 24 25 25 25 25 23 25 24 24 25 24 24 24 26 27 29 30 31 33 33 33 32 34 31 31 30 32 35 35 35 34 33 34 32 32 32 32 34 34 35 38 39 40 43 45 47 51 53 57 58 60 56 52 49 47 47 48 50
28 26 26 27 31 33 33 35 37 34 30 29 25 23 22 24 23 21 21 22 23 23 24 23 23 22 23 21 22 21 22 23 23 23 23 25 25 24 23 25 24 23 26 25 25 25 24 25 25 26 25 25 26 30 32 31 29 33 32 31 31 30 29 30 30 31 35 34 35 34 32 32 35 35 34 35 35 35 38 39 42 45 50 52 56 56 55 54 56 53 51 48 44 44 45 46
31 28 25 28 30 32 33 36 34 30 32 30 25 22 19 20 21 21 22 22 23 23 22 21 23 21 21 23 24 21 20 21 21 23 25 26 24 23 24 25 24 24 25 25 26 26 25 27 27 27 27 25 26 28 29 30 29 29 29 32 32 32 32 30 29 31 32 32 34 33 32 34 36 35 34 35 35 36 39 41 43 47 50 57 59 59 55 50 49 50 50 49 44 44 45 45
29 28 31 30 32 34 35 34 34 31 28 28 27 24 22 22 22 21 21 22 24 25 24 23 23 22 23 22 22 22 21 23 21 23 24 25 24 26 26 25 25 26 25 25 26 26 27 28 28 27 27 27 26 26 26 27 27 28 28 30 29 31 32 30 30 30 33 31 31 31 30 31 33 32 35 34 34 38 38 41 45 47 50 53 54 59 54 49 47 48 45 46 43 42 46 45
30 32 36 39 40 37 32 29 30 23 25 25 29 28 26 26 24 21 22 22 24 24 26 23 23 23 24 21 22 23 22 22 23 24 25 26 25 26 25 25 26 26 26 26 26 25 28 28 28 27 26 27 27 26 26 26 27 28 27 28 28 30 31 30 30 32 33 31 32 30 31 32 32 32 35 37 38 37 36 41 44 45 44 48 51 56 52 49 47 46 42 42 41 42 42 43
32 38 41 44 41 39 34 23 27 24 26 25 26 27 28 28 30 25 23 23 22 23 23 21 23 24 24 23 23 22 23 25 24 24 24 24 25 24 24 24 25 26 27 29 28 25 25 27 28 27 28 28 28 27 27 26 27 28 28 28 28 29 31 33 33 30 29 30 31 30 31 34 34 35 37 38 37 40 40 42 42 42 44 48 51 55 53 51 47 44 41 42 41 40 39 42
36 38 40 46 49 44 39 32 26 29 25 26 27 28 29 27 31 24 23 23 23 26 27 26 24 23 23 23 21 22 24 24 24 23 25 25 25 24 24 25 25 27 27 29 29 27 27 26 27 28 29 30 29 27 27 27 27 26 27 28 29 28 30 31 31 30 29 30 30 30 29 33 35 37 39 38 39 41 41 41 38 39 43 48 52 56 57 56 49 42 42 40 40 37 40 42
43 45 34 43 46 41 41 37 26 26 22 22 24 29 29 28 30 28 24 24 24 25 24 25 24 23 24 22 24 24 23 25 25 23 24 25 26 25 24 24 25 26 26 28 28 27 26 27 28 28 27 28 29 28 28 28 29 27 27 29 30 31 32 29 30 31 30 29 29 31 33 33 35 36 37 38 39 40 40 39 37 39 44 48 54 61 66 63 52 44 42 40 40 39 40 42
35 44 40 39 43 41 35 34 30 26 24 22 25 30 26 26 30 28 24 24 25 22 24 25 24 25 24 24 24 24 23 23 25 25 24 25 25 25 26 26 26 26 27 28 29 28 27 27 28 27 26 26 28 30 28 28 29 29 30 30 30 30 30 31 31 31 30 29 31 33 35 36 35 33 33 36 34 38 37 38 37 39 45 48 52 58 62 58 48 42 41 39 37 37 39 40
40 42 40 40 47 44 32 35 35 30 25 25 28 28 25 28 34 28 27 25 24 22 23 26 25 24 25 25 24 24 23 21 21 24 24 23 25 25 26 26 26 25 25 24 27 29 28 27 27 26 26 28 27 29 28 29 30 30 30 30 29 29 29 29 32 35 31 29 29 32 32 36 34 33 32 34 33 35 34 35 37 41 44 45 54 55 51 47 44 40 37 38 35 34 37 41
41 41 37 38 44 36 32 37 38 32 25 26 24 26 28 31 34 31 26 23 25 25 23 24 24 25 24 25 24 25 24 25 22 21 25 24 24 26 25 27 27 28 26 25 27 27 27 27 27 27 28 27 27 30 29 31 31 31 31 28 29 29 29 29 29 30 32 29 29 32 32 32 32 30 30 31 31 33 35 35 34 37 41 43 49 48 44 41 39 37 37 36 36 37 41 43
36 34 39 45 42 30 33 34 34 34 27 26 25 25 30 29 30 31 27 24 25 25 23 26 26 26 25 25 24 23 24 24 24 24 21 23 24 25 26 25 26 27 27 27 27 27 26 28 27 29 29 28 29 30 30 30 31 30 28 29 30 29 29 29 29 29 29 31 30 30 29 31 33 30 30 30 29 32 32 33 35 37 39 41 41 42 39 35 35 36 35 36 38 41 44 43
34 31 37 36 41 36 35 34 36 35 23 23 24 25 29 31 33 35 30 25 25 26 24 27 25 23 24 25 26 26 26 24 24 24 23 21 24 26 25 25 25 25 26 28 29 28 27 27 25 27 27 28 30 30 29 30 30 28 28 30 29 29 30 30 29 29 30 30 30 30 29 31 33 31 32 31 31 33 32 31 32 34 38 35 34 35 33 32 35 36 37 37 38 42 42 39
38 34 30 30 31 32 35 33 45 35 29 27 26 25 25 28 30 32 30 26 27 26 27 28 23 24 25 25 25 26 27 25 25 27 25 26 24 23 24 26 25 25 25 27 27 27 27 28 29 28 29 28 27 30 30 29 29 29 29 30 30 29 34 30 29 30 31 31 32 31 30 31 32 30 33 33 33 35 32 32 32 33 37 35 34 33 33 36 38 37 38 37 39 42 41 39
35 34 34 31 34 31 38 35 40 39 32 27 28 29 27 30 29 29 28 31 35 27 26 26 25 27 25 25 25 26 26 25 25 26 24 26 25 23 23 26 26 26 26 25 26 27 26 28 28 28 28 28 29 29 29 28 30 31 31 30 31 30 32 32 29 33 32 31 32 33 32 32 30 31 32 31 34 34 32 34 33 33 35 35 34 34 36 37 36 38 38 38 37 39 40 39
32 33 36 34 33 36 34 29 37 36 30 27 31 30 29 33 30 29 29 34 30 26 25 24 25 26 27 26 25 26 24 26 26 25 25 25 24 25 23 25 25 25 26 26 27 28 28 28 27 27 26 28 29 30 32 28 29 29 30 30 31 31 31 31 31 31 32 31 32 32 33 32 32 31 33 33 33 33 33 33 32 35 32 34 32 34 33 36 37 40 40 39 39 40 38 37
36 38 37 36 36 40 35 34 34 33 35 33 31 27 29 31 30 37 36 30 28 26 25 21 24 26 27 28 27 26 25 25 25 27 26 24 26 25 23 24 27 26 27 29 27 27 29 30 28 27 27 27 28 28 30 30 28 29 30 30 31 32 33 32 32 31 31 32 32 32 32 32 32 34 36 37 37 34 32 35 33 33 32 32 32 34 35 36 37 37 36 38 37 38 38 37
43 36 35 36 41 45 35 32 32 32 29 31 31 29 30 29 34 36 31 28 28 26 26 24 24 26 26 25 26 25 26 26 25 25 25 26 27 26 24 25 29 29 29 28 30 28 27 30 27 28 28 29 29 28 29 30 28 29 29 29 31 33 32 32 33 32 32 32 32 32 32 34 34 34 37 36 36 34 34 33 32 32 34 36 35 34 33 34 36 37 37 35 35 36 37 38
35 34 31 29 36 40 36 34 33 29 28 30 30 29 28 30 32 33 29 27 26 27 26 24 24 27 26 26 26 27 28 26 26 26 26 26 28 27 27 28 27 30 27 27 29 29 27 27 27 29 28 28 28 31 31 32 29 29 31 31 30 32 31 30 30 31 31 33 32 31 33 34 32 33 35 34 38 41 37 33 34 35 35 37 35 35 36 35 36 35 35 36 36 34 36 39
29 30 31 31 31 34 34 32 29 28 27 29 29 28 29 31 31 32 29 25 25 25 25 25 26 25 25 25 27 27 27 29 28 25 25 26 29 28 28 29 27 29 30 28 28 27 26 28 27 28 27 29 28 29 29 29 30 30 31 31 33 32 31 32 32 34 30 31 33 33 35 36 33 33 35 36 42 38 32 33 36 35 36 37 36 40 38 36 37 35 36 37 39 35 37 35
35 30 29 35 33 30 35 35 30 30 32 30 30 31 31 32 31 32 28 28 27 26 26 27 26 25 26 26 27 26 27 26 28 26 27 27 29 30 28 29 27 30 31 30 27 27 26 27 27 27 28 28 30 30 28 29 31 30 30 33 31 30 31 31 31 33 33 31 32 33 36 35 35 36 34 41 44 33 29 26 33 37 36 35 36 39 37 38 37 37 36 35 35 40 39 37
35 32 31 36 35 26 33 35 34 32 33 32 35 34 32 32 31 27 27 31 29 28 25 27 28 26 25 27 26 27 28 27 27 27 28 28 27 28 28 28 29 28 29 32 29 27 28 28 28 26 28 28 31 29 27 29 30 30 31 31 31 30 31 30 32 33 34 32 32 33 33 33 33 35 35 34 40 38 33 37 34 35 35 36 35 39 37 37 35 36 36 36 37 38 38 38
36 31 30 36 35 31 35 33 33 32 32 35 37 35 35 34 31 28 29 30 31 27 24 25 26 25 26 27 25 27 27 26 27 28 29 29 27 28 27 29 30 28 26 28 33 29 27 28 28 28 28 28 29 30 29 29 29 30 32 30 32 31 31 32 33 33 34 33 33 34 34 33 33 34 34 34 31 34 32 38 37 37 37 36 35 39 39 36 36 36 37 39 38 38 39 39
36 31 26 34 34 32 37 34 32 32 34 37 39 40 34 34 34 29 31 31 33 28 27 26 28 29 31 28 26 29 29 28 28 29 33 31 29 29 28 28 28 27 27 26 28 30 30 29 28 28 28 29 28 29 30 30 30 30 31 31 31 30 31 34 32 32 32 33 32 32 34 33 35 38 34 34 35 36 35 38 39 35 36 35 36 38 37 37 38 38 39 39 40 40 40 42
35 35 30 31 32 32 35 33 34 36 40 47 45 41 37 35 33 30 29 27 25 26 28 29 28 31 27 25 26 29 29 30 31 29 29 29 30 28 28 29 30 27 26 27 28 28 28 27 28 27 28 27 28 30 29 30 31 30 29 31 33 36 32 32 32 31 31 34 33 34 34 33 36 36 35 36 34 33 35 36 37 35 34 37 37 36 36 38 39 39 40 40 42 44 40 42
35 37 33 32 30 29 31 33 39 44 47 49 46 41 40 38 36 32 28 26 25 26 30 28 27 26 27 26 26 28 29 29 30 30 30 30 31 30 28 29 29 28 27 27 29 28 28 28 28 29 31 30 29 28 30 29 30 31 31 33 34 36 36 33 32 31 33 33 33 33 33 33 34 36 35 36 34 33 34 34 35 36 33 36 36 35 35 37 36 37 41 44 45 45 44 44
38 33 31 29 29 31 32 33 36 42 47 47 44 43 41 39 34 31 31 28 27 27 28 28 26 25 26 27 26 26 28 29 29 31 30 30 29 29 28 29 30 29 29 28 28 28 27 29 28 29 32 33 34 34 33 32 32 33 32 33 34 34 34 31 31 32 34 33 33 34 32 32 33 35 34 35 36 35 35 35 35 36 33 34 34 37 38 39 38 42 43 43 43 42 43 45
36 32 31 31 29 29 29 31 35 37 39 40 40 42 44 42 35 34 32 29 30 29 28 28 26 26 28 28 28 27 27 30 29 29 30 29 28 29 29 28 30 29 29 28 27 28 29 29 29 31 30 34 37 37 36 36 35 33 35 35 33 33 32 32 33 33 33 32 33 34 33 33 33 33 36 34 36 35 36 35 35 37 35 34 34 35 38 43 39 40 42 44 43 44 42 42
30 30 31 32 32 29 28 30 33 35 38 38 40 42 40 36 32 31 32 33 31 30 29 28 28 27 28 28 27 27 27 28 28 29 30 29 31 30 30 30 29 30 30 30 28 28 31 32 32 31 32 34 39 41 43 41 38 35 36 35 33 31 32 34 34 35 34 34 34 34 35 36 35 34 35 33 35 35 35 36 36 37 35 38 37 36 36 37 40 40 40 40 41 44 42 43
33 32 33 32 31 29 30 31 32 34 34 32 34 35 35 34 33 32 35 38 35 31 31 31 29 28 27 27 27 29 30 28 27 29 30 29 31 30 29 30 30 28 29 28 28 31 33 32 34 36 37 36 40 42 46 42 40 38 38 36 35 36 34 35 35 35 34 36 35 36 36 36 35 35 35 34 34 34 36 38 35 38 40 40 40 37 36 38 40 40 41 42 42 41 43 44
31 30 32 30 30 28 31 31 31 31 30 30 31 33 34 34 35 35 39 41 40 34 33 31 28 28 28 28 28 29 29 30 29 30 29 29 32 33 30 30 30 28 30 30 30 30 34 36 39 40 42 39 39 40 43 44 43 40 38 36 35 35 35 35 35 36 37 38 39 38 38 36 37 39 38 35 37 38 39 38 38 39 40 40 40 40 37 40 41 41 42 42 42 42 43 43
27 27 31 29 29 28 30 31 30 29 29 30 31 32 33 35 36 36 39 43 42 37 35 30 29 28 29 30 30 29 29 29 30 30 29 29 32 31 30 30 30 29 31 29 30 32 35 39 43 43 45 43 42 42 41 41 40 37 36 35 34 35 35 35 37 39 42 43 41 40 38 39 39 41 40 38 38 38 40 39 40 42 47 44 44 41 41 42 46 51 46 43 43 42 45 43
24 22 29 30 29 29 29 28 29 31 31 30 30 33 33 34 37 37 39 41 41 39 35 32 31 29 27 29 29 30 29 28 30 30 30 31 32 31 30 31 31 29 28 29 33 36 38 38 39 39 40 39 42 43 41 39 38 38 36 36 36 37 37 38 39 44 47 49 48 41 39 42 43 42 41 41 42 44 42 41 41 45 55 55 51 45 45 46 52 55 50 43 42 43 42 41
30 26 30 30 30 30 28 29 30 30 31 31 32 33 35 37 40 43 42 40 39 37 33 32 30 29 28 29 29 30 29 29 29 30 29 30 32 33 30 32 32 30 29 30 32 36 36 36 35 36 37 38 40 42 44 44 40 39 39 39 38 38 39 39 43 46 51 55 51 43 43 42 44 44 42 42 44 48 47 42 43 45 53 61 58 48 48 48 52 52 49 45 42 41 42 44
29 31 33 30 27 29 28 29 30 30 30 31 33 35 36 40 45 47 43 41 38 36 34 33 30 29 28 28 29 29 30 31 29 29 30 31 33 32 30 30 31 30 31 30 31 34 34 34 34 33 35 35 40 44 45 45 41 41 41 40 41 40 41 41 43 48 53 56 50 44 45 47 46 45 47 50 51 53 52 47 44 46 53 60 56 52 50 48 50 48 48 45 42 41 42 41
32 34 33 30 30 31 31 32 30 31 31 32 33 35 37 41 47 46 43 40 38 34 35 32 32 32 29 28 27 27 29 29 29 30 30 32 32 32 31 30 33 30 30 31 32 32 32 31 31 32 34 35 38 43 44 45 43 42 43 43 44 45 44 44 45 49 51 53 48 46 51 52 49 49 52 53 56 56 52 47 45 48 52 56 56 55 53 50 48 44 45 45 44 43 42 42
34 35 33 31 33 34 34 33 31 31 31 32 34 35 38 41 44 43 40 38 37 32 33 32 29 32 30 29 28 29 31 30 29 31 31 31 31 32 32 30 31 31 29 30 30 31 31 30 29 32 35 37 37 39 43 45 48 49 48 47 47 50 48 47 47 47 48 48 47 50 55 54 51 52 55 55 55 59 55 46 47 51 53 57 59 56 53 49 47 45 45 45 45 44 44 44
36 34 34 25 27 35 33 34 33 31 32 31 32 36 38 43 44 42 41 37 37 33 33 31 29 30 30 29 29 29 31 32 31 29 31 30 31 33 33 31 32 32 31 31 31 30 28 29 30 33 36 36 37 40 42 44 46 50 52 51 50 52 51 48 46 45 44 48 50 54 57 58 56 54 56 63 62 61 54 49 51 54 55 58 58 53 51 49 48 47 44 46 45 44 43 43
37 37 35 29 29 32 32 33 34 33 34 33 33 34 37 39 43 43 41 39 37 35 33 30 31 30 30 28 30 31 31 31 31 31 31 31 31 34 35 31 31 31 30 31 33 31 31 33 35 35 35 35 38 38 39 43 45 49 50 51 51 50 48 46 44 43 45 50 52 53 58 58 54 53 62 69 65 60 54 50 51 56 58 58 56 53 53 51 50 49 46 45 46 45 44 44
38 37 38 36 35 35 34 35 35 36 35 34 35 34 34 38 40 44 43 39 36 34 32 32 32 32 31 31 32 32 32 32 30 30 29 29 31 33 35 33 32 31 30 31 31 33 34 35 36 35 36 36 37 37 38 42 45 47 44 44 48 47 44 42 40 43 45 48 51 52 55 57 56 57 62 61 59 56 54 52 55 58 58 58 57 55 56 54 51 50 45 46 46 47 45 46
43 42 40 38 36 37 36 36 37 37 37 36 37 36 36 37 39 41 38 36 34 34 34 33 32 33 31 32 30 32 33 32 30 29 30 31 30 34 35 33 32 32 33 31 30 30 30 34 34 33 34 37 36 36 38 40 43 44 42 42 42 41 40 40 40 43 44 48 52 55 58 59 57 58 60 59 53 52 52 55 54 54 54 57 59 59 58 56 54 51 48 48 47 47 48 46
46 46 44 41 38 39 40 39 39 40 38 37 36 36 38 37 40 43 40 38 36 36 32 31 31 32 30 30 30 34 33 32 33 32 32 32 31 33 34 33 32 33 33 32 32 31 31 32 32 34 33 34 37 36 36 39 41 43 42 42 41 38 38 40 41 43 46 49 54 56 59 61 57 55 56 55 52 52 51 52 52 54 56 57 57 57 58 55 54 51 49 49 49 49 48 46
50 48 45 40 38 39 39 39 39 39 37 36 36 35 36 39 42 42 42 41 37 34 33 31 30 31 33 31 31 34 33 33 31 32 31 32 33 34 35 33 32 32 34 34 33 32 33 32 33 33 34 33 35 34 36 38 40 42 40 39 39 38 38 40 41 43 47 50 54 57 51 56 52 50 50 49 49 49 49 50 52 56 58 56 55 55 55 53 54 52 50 51 52 50 49 49
46 46 44 40 39 40 38 39 39 38 36 37 35 37 38 39 40 39 40 38 35 33 34 32 32 33 34 31 31 31 32 34 31 31 32 33 33 33 34 35 33 32 33 33 34 33 34 33 33 34 34 32 35 35 34 37 38 43 42 37 37 37 38 37 39 42 45 46 52 52 50 50 48 47 48 48 49 48 49 50 51 50 54 54 53 51 52 53 53 52 53 52 54 52 53 51
45 44 44 44 44 43 40 38 39 39 38 37 38 40 41 41 42 40 39 37 36 34 33 33 32 33 33 32 32 32 32 32 33 33 33 33 35 32 32 34 34 33 33 33 33 33 35 34 33 33 34 34 35 37 36 36 37 39 40 37 36 36 37 39 39 39 40 41 43 45 46 45 44 44 45 45 47 48 51 53 53 51 50 53 52 51 52 52 53 54 56 55 56 55 52 52
41 42 43 47 47 43 41 39 40 40 40 39 41 42 45 45 44 42 40 39 37 36 33 33 32 34 35 33 32 34 35 32 35 34 35 34 32 31 31 32 32 32 32 32 32 33 34 34 33 32 34 35 36 35 35 34 35 37 37 34 36 36 38 38 38 40 40 39 39 40 41 41 44 44 44 46 49 51 51 51 52 52 51 52 49 48 51 52 54 57 57 59 57 58 55 55
41 39 43 47 48 46 43 42 41 39 41 41 44 45 48 48 45 43 40 40 38 37 35 33 32 34 35 33 33 33 34 34 34 33 34 33 32 33 35 36 36 34 33 32 32 34 33 34 33 33 34 37 36 35 35 35 35 35 37 35 38 37 37 37 40 42 40 41 38 38 40 41 43 44 46 47 50 50 51 51 51 49 48 48 49 50 53 55 56 57 57 62 63 63 60 58
42 42 44 48 47 47 44 44 43 41 41 43 45 48 49 50 48 42 41 41 39 38 35 34 35 35 35 34 34 32 32 34 35 35 33 34 34 33 33 34 34 33 33 33 32 34 32 33 35 35 34 35 36 35 35 36 37 36 37 37 37 37 36 37 37 39 42 41 44 42 42 41 46 48 50 50 50 52 51 50 48 47 47 47 53 54 57 56 58 59 60 61 65 67 64 61
40 42 43 46 49 49 46 44 42 42 43 44 47 48 47 47 47 44 43 39 38 36 35 36 38 40 39 35 34 32 32 34 34 34 34 35 35 34 33 34 33 34 33 34 33 34 34 34 33 35 34 33 35 36 34 35 37 35 35 36 36 37 37 37 38 40 42 41 43 44 44 45 47 50 52 51 52 53 49 48 47 46 47 48 51 53 55 55 57 60 61 62 65 68 66 61
40 40 43 46 49 51 51 47 43 44 45 46 48 49 47 45 43 43 42 39 39 37 37 38 39 42 42 39 37 34 34 33 33 32 33 34 35 35 34 33 33 35 34 34 33 33 33 34 34 34 35 35 36 35 35 36 37 35 36 36 35 35 36 37 38 39 39 40 44 45 42 45 49 51 52 53 53 50 48 48 47 47 47 48 51 53 54 57 60 63 62 62 64 67 66 63
40 41 43 46 49 50 51 48 46 46 46 47 49 51 48 45 43 40 40 39 38 39 38 38 37 37 37 37 36 34 32 33 34 33 32 34 35 36 34 33 35 34 34 35 36 35 36 34 35 34 34 34 35 35 36 37 37 35 36 39 39 39 38 38 39 39 40 40 39 40 42 46 49 50 52 53 50 45 44 46 45 48 49 49 51 53 54 56 56 59 59 62 64 63 62 62
40 40 42 44 48 48 48 49 49 49 49 50 50 49 46 43 42 38 39 39 39 39 39 39 37 36 35 36 35 34 34 34 34 35 33 34 35 37 33 33 34 33 34 36 35 38 37 34 35 36 35 36 36 37 37 37 36 37 40 38 37 36 37 39 39 42 40 41 38 40 43 46 48 48 48 48 44 43 45 45 46 49 49 51 51 52 54 55 57 59 60 60 61 61 62 63
39 41 42 44 45 47 49 50 52 54 52 51 48 47 45 43 42 40 40 40 41 40 39 40 38 37 35 36 34 32 34 34 34 34 33 33 35 35 34 35 36 36 37 38 36 37 37 35 35 35 37 36 35 36 37 37 37 36 37 37 37 37 38 39 40 40 38 39 39 40 42 44 46 47 44 44 44 44 45 45 47 49 48 49 50 53 54 56 56 57 57 58 59 61 64 66
39 40 42 45 45 46 49 52 55 56 52 50 48 45 45 44 45 42 42 43 44 43 40 38 37 36 34 33 32 33 34 34 34 34 35 34 34 34 36 35 36 36 35 35 36 35 36 36 33 36 35 34 36 35 36 36 37 36 36 36 37 38 39 39 40 40 41 39 39 41 41 43 44 45 42 42 43 45 46 47 46 48 49 49 51 52 53 54 56 56 55 57 58 61 64 67
40 42 43 45 47 47 49 55 56 56 53 52 49 47 46 44 44 44 44 45 48 47 42 41 39 36 35 34 35 33 33 34 34 34 36 35 33 33 34 34 35 34 34 35 37 37 39 37 33 35 36 36 37 37 38 37 39 38 37 38 38 39 41 41 40 39 40 39 40 40 40 40 41 41 40 41 44 43 43 45 46 47 47 48 50 50 52 53 53 54 54 57 58 61 63 63
43 42 43 44 46 49 50 53 57 58 58 54 50 48 47 46 46 44 45 47 48 49 43 41 38 36 36 33 34 34 35 34 34 34 36 36 37 33 35 35 35 35 35 34 36 35 39 37 36 36 36 36 37 37 37 38 40 39 37 39 39 40 40 42 40 39 40 39 38 39 40 41 42 42 42 42 44 43 44 45 46 48 47 47 48 49 51 51 52 54 54 57 57 62 61 61
45 43 44 47 47 51 51 54 57 59 59 56 51 51 51 50 48 46 45 47 48 46 42 40 38 36 36 35 34 35 36 35 35 35 36 36 35 35 35 36 38 35 35 35 35 36 36 35 35 37 35 36 38 37 38 38 39 38 37 38 39 39 39 40 38 40 39 38 39 39 41 40 41 41 40 42 43 44 45 46 45 47 48 47 47 49 50 50 51 53 54 55 55 59 61 62
