ViewShed-Visualize/viewshed_visualize2/raster3.asc
ncols        288
nrows        211
xllcorner    34.488749999951
yllcorner    31.665416666673
cellsize     0.000833333333
NODATA_value -32768
[rows 132 to 197 of 211, columns 192 to 287 of 288]
45 45 44 47 46 48 49 51 54 56 59 57 54 54 53 51 50 48 47 50 47 46 42 41 38 37 36 36 34 34 35 36 36 36 35 34 34 35 35 35 35 36 36 36 35 36 35 35 35 37 37 37 38 38 37 38 38 37 36 39 38 38 39 40 39 39 39 39 40 40 40 41 43 41 41 43 46 47 46 45 45 46 47 47 48 48 50 51 52 52 53 53 55 57 61 64
47 45 43 47 46 48 50 49 52 55 59 59 57 56 56 53 50 48 47 46 46 46 46 42 40 37 35 35 36 36 35 35 37 38 36 35 37 37 37 36 36 37 37 35 35 37 36 36 34 36 38 37 38 37 37 37 38 37 35 37 38 38 40 40 40 40 41 40 40 40 41 40 42 42 42 44 47 46 48 48 47 50 49 48 49 50 50 50 52 50 52 57 56 56 58 62
49 48 47 47 48 50 50 51 51 52 55 58 58 58 54 51 50 48 46 46 44 43 44 41 38 37 34 36 37 38 38 38 40 39 37 38 38 36 37 37 38 37 37 36 34 36 38 37 36 36 37 37 38 37 38 38 39 40 39 37 38 40 40 39 40 41 42 42 41 40 41 40 40 41 43 45 46 48 52 51 50 50 49 51 51 53 51 52 52 54 55 56 56 57 58 61
52 50 49 50 51 54 54 53 52 53 54 56 57 58 53 51 50 48 46 44 42 42 40 40 38 37 36 38 38 39 40 41 41 39 37 38 37 37 36 36 36 36 38 39 37 37 36 36 36 38 38 38 38 38 39 38 39 40 40 40 38 40 40 40 40 41 41 42 43 43 41 42 42 43 44 47 47 51 53 52 53 52 50 51 51 53 55 55 53 54 57 57 58 59 59 64
54 53 52 55 54 56 56 54 54 54 56 57 58 58 57 54 51 47 46 44 42 41 40 39 39 35 37 38 39 40 43 44 45 42 40 39 38 38 37 37 37 37 37 36 37 38 38 37 37 39 38 39 37 37 38 39 38 39 39 40 40 40 39 40 41 42 43 44 43 45 45 45 44 46 46 45 46 49 48 49 50 51 51 53 53 55 55 55 56 57 59 60 61 63 65 66
59 61 61 63 56 56 59 55 55 56 57 58 57 58 58 55 53 50 47 44 42 41 40 39 39 40 39 39 39 41 44 45 47 46 42 41 41 41 39 42 39 37 36 36 36 37 38 38 37 38 37 37 38 38 39 39 40 39 39 39 40 41 40 40 40 41 43 44 43 44 44 47 45 45 46 44 45 46 47 48 50 53 53 55 57 59 59 58 58 58 60 62 63 65 66 65
62 63 69 66 60 58 60 57 58 59 58 57 56 55 54 54 51 48 46 44 41 40 39 38 39 38 39 40 41 41 44 47 49 48 46 42 41 41 43 43 40 38 37 37 37 37 39 38 37 37 36 38 39 39 39 39 39 39 39 41 40 41 40 40 41 43 44 42 42 41 42 43 43 44 44 44 46 47 47 49 50 51 51 52 55 59 58 56 57 58 58 60 62 63 64 64
63 67 71 67 63 62 60 60 59 59 58 59 56 53 52 53 50 46 43 43 41 39 40 40 41 40 40 41 43 42 42 46 51 51 49 47 45 44 45 45 42 40 40 39 38 38 39 38 38 39 38 39 39 39 39 39 38 40 39 39 39 41 41 40 41 42 43 43 43 41 41 43 43 42 44 44 46 46 47 48 50 49 50 53 55 56 57 54 55 57 57 58 61 63 65 63
60 67 67 60 62 62 56 56 59 59 57 57 55 52 49 48 48 44 41 41 39 40 41 41 42 43 44 43 46 45 46 46 49 53 52 50 46 46 48 49 46 45 40 40 40 38 39 39 39 40 38 38 39 40 41 41 40 40 39 40 39 39 40 40 40 43 43 43 43 42 42 43 43 44 44 43 43 45 45 47 47 50 50 52 54 53 55 53 54 56 58 61 62 63 65 63
58 63 58 54 57 58 55 53 57 56 54 53 51 53 50 47 46 44 42 41 42 44 43 44 45 44 45 47 47 47 47 47 49 51 53 50 48 46 48 50 50 45 43 41 38 38 39 38 40 39 39 38 41 40 41 41 40 40 40 40 40 41 41 41 40 42 43 42 44 44 44 44 43 43 43 41 43 46 49 48 48 47 48 51 52 53 53 53 54 56 58 60 63 65 64 63
60 61 56 53 52 52 52 54 57 53 52 51 49 48 47 46 45 44 44 43 45 46 45 44 47 48 49 51 50 50 51 49 50 53 53 49 47 46 45 46 46 44 42 39 39 40 39 40 40 39 39 40 40 41 41 41 42 41 40 40 40 40 39 41 43 42 43 42 43 43 43 44 44 44 44 42 45 45 46 48 48 48 47 50 50 51 52 53 55 56 57 58 60 61 60 62
57 56 58 52 50 50 51 53 56 56 52 50 50 47 47 47 45 45 45 46 46 46 46 46 48 48 50 52 54 55 54 52 53 54 54 51 48 48 45 43 43 42 41 40 41 40 41 43 42 39 39 41 41 42 40 40 40 40 40 41 40 39 39 42 42 41 41 44 43 42 44 43 44 45 45 45 45 45 45 48 47 47 47 47 49 50 49 51 53 55 55 58 58 58 60 61
54 59 59 53 49 47 49 53 55 55 50 48 49 49 47 46 46 45 46 47 48 47 47 48 49 48 52 54 56 59 60 57 56 55 53 51 48 48 46 44 42 44 43 40 41 41 43 44 43 40 40 41 40 41 43 43 41 40 41 40 41 40 40 41 42 43 43 44 43 44 44 44 43 44 46 45 45 45 47 47 46 47 47 48 50 52 52 52 53 54 55 58 57 57 58 60
54 55 54 49 48 45 48 54 57 51 49 49 49 48 47 46 48 48 47 49 50 50 49 50 51 51 53 55 58 59 62 62 60 56 52 49 48 47 47 44 42 42 42 42 42 41 43 42 42 41 41 40 40 41 42 41 42 41 41 42 41 41 41 42 42 42 44 43 43 44 44 42 43 45 45 46 47 46 47 47 47 47 48 51 52 54 54 55 56 55 57 57 55 56 56 58
50 51 50 49 47 45 47 51 53 47 47 46 46 47 46 47 47 46 49 49 51 52 51 51 54 56 55 57 62 62 62 60 57 56 54 51 51 50 50 46 44 44 43 44 42 41 41 42 43 42 40 40 39 40 41 40 41 41 41 41 43 42 41 42 43 43 42 45 43 42 42 41 43 43 45 45 46 47 47 49 48 49 51 51 51 57 59 58 58 57 56 58 58 57 54 56
45 47 48 47 45 45 44 45 46 45 44 44 46 48 48 49 48 46 48 49 50 50 49 52 55 59 58 61 64 63 59 56 55 54 53 50 52 53 53 49 45 44 42 43 41 42 43 42 43 44 40 39 41 42 43 42 42 42 42 42 43 44 43 42 43 42 42 44 44 43 43 43 43 45 48 47 45 46 48 49 49 50 52 53 53 56 60 60 60 59 59 58 57 57 55 55
43 45 46 45 44 43 41 42 41 41 43 41 44 45 47 49 49 48 49 50 50 50 49 53 56 58 62 65 66 63 59 57 56 54 51 49 49 52 50 48 45 43 42 42 41 40 42 42 43 43 40 39 40 40 41 41 41 43 43 43 43 44 43 43 43 43 42 45 45 45 45 43 44 45 46 46 45 46 47 49 50 52 54 55 57 59 59 58 59 61 60 58 57 57 54 54
46 46 46 45 44 43 41 40 40 39 39 39 43 44 44 47 49 50 50 50 50 51 51 52 53 56 60 63 64 65 62 61 59 55 52 50 48 49 48 47 45 43 42 42 42 41 42 43 43 42 40 43 43 40 42 41 40 42 43 43 44 45 44 44 45 44 43 43 44 45 47 46 44 44 45 45 46 47 49 49 51 53 58 59 60 60 57 58 58 61 59 58 58 54 54 54
44 44 45 43 42 41 39 38 40 39 39 41 45 44 44 46 48 51 52 53 51 52 54 54 56 55 57 59 61 64 64 62 60 56 53 50 48 46 46 46 46 44 43 43 43 42 42 41 41 40 42 44 47 44 42 41 41 42 43 40 44 47 45 43 44 45 44 43 43 44 44 44 45 46 45 46 46 50 50 50 51 54 56 58 59 57 57 57 57 57 57 57 54 54 55 55
42 43 42 40 39 38 37 37 38 39 40 42 43 43 46 49 52 53 54 54 54 54 56 60 61 56 59 60 60 62 61 58 57 56 52 51 50 49 47 46 45 46 45 44 43 44 42 40 40 42 49 53 43 44 43 41 41 42 44 42 43 44 45 45 45 43 44 45 46 46 43 44 45 46 44 46 45 48 49 51 52 54 56 59 60 57 55 54 54 56 56 58 55 55 56 54
45 40 38 39 38 37 36 36 38 39 39 40 41 44 44 49 54 57 56 56 57 57 56 61 67 64 62 62 61 61 60 57 57 53 51 50 48 49 47 46 47 48 46 45 45 44 44 40 41 45 44 43 44 44 41 42 41 41 44 44 44 44 45 45 45 44 46 44 45 45 45 45 45 46 47 46 45 46 47 50 52 53 57 59 59 56 55 53 53 54 56 55 53 53 53 54
41 37 36 38 35 34 35 36 38 37 38 39 39 40 43 47 49 53 53 57 59 60 59 63 69 69 64 64 62 62 63 62 57 53 52 51 48 48 48 48 48 47 48 47 45 43 43 43 43 44 44 42 42 43 42 42 41 43 46 46 44 44 45 44 45 45 44 44 46 47 46 45 46 48 47 47 46 47 47 48 49 52 53 55 56 56 55 53 52 51 52 51 53 52 52 53
34 33 35 38 36 36 36 36 37 35 36 38 39 40 41 45 48 49 50 56 62 62 61 64 66 68 63 61 60 61 62 59 55 51 51 51 48 50 50 50 49 50 50 47 46 46 45 45 44 43 42 43 43 42 42 43 43 43 44 45 44 44 46 45 45 45 45 45 46 47 48 47 46 48 48 48 47 48 48 48 49 50 50 53 53 54 52 51 51 52 51 51 52 52 54 56
33 33 36 36 35 36 37 37 37 36 37 38 38 40 44 47 51 49 49 54 62 63 64 66 66 67 62 61 60 58 57 55 54 51 50 50 50 51 51 53 53 53 50 49 48 49 47 46 45 45 45 45 45 45 44 42 43 43 43 45 44 45 48 46 45 45 46 46 46 46 48 45 45 46 47 48 49 50 50 48 48 49 49 51 50 51 50 52 53 53 52 54 55 54 54 56
31 35 38 37 35 35 35 37 37 38 37 39 40 42 46 52 58 53 52 56 62 67 66 67 65 63 61 61 59 57 56 54 53 50 51 52 50 51 51 52 56 54 51 51 50 50 46 46 47 47 46 44 45 46 46 45 44 44 43 44 44 45 45 46 44 46 45 45 48 47 47 47 47 48 49 50 48 48 49 50 49 50 49 48 51 51 52 52 52 52 54 55 54 54 54 56
32 35 38 37 35 34 34 35 37 40 39 40 40 42 45 50 58 57 58 61 63 66 64 64 66 64 62 59 57 56 56 56 54 53 54 54 51 50 54 56 59 59 57 53 51 50 48 48 48 48 48 46 47 48 45 44 44 44 42 43 44 44 45 45 44 45 46 45 46 46 47 48 47 49 50 48 48 48 49 50 49 49 50 49 50 50 50 51 51 53 53 55 54 55 56 57
33 36 38 36 33 33 34 35 36 40 40 40 40 41 44 51 54 54 59 65 63 61 61 61 62 63 60 58 56 57 58 58 57 53 54 54 53 55 59 63 66 65 61 56 53 50 50 50 50 49 50 50 49 46 46 45 45 43 43 43 44 44 44 44 46 46 46 47 45 47 49 48 47 49 49 48 50 51 51 49 49 50 50 50 50 49 50 51 52 52 52 54 55 55 55 55
32 35 35 34 35 35 34 35 37 40 40 42 41 41 43 47 52 55 59 57 57 56 55 58 58 59 59 56 57 60 61 63 59 55 54 53 56 59 63 66 70 69 60 55 51 51 52 55 53 52 52 52 49 47 49 46 46 44 45 44 43 43 45 45 46 47 48 49 46 48 50 48 48 48 50 49 50 52 51 50 50 51 51 51 51 50 49 51 52 52 52 54 55 54 53 52
32 33 32 32 32 34 35 38 39 40 41 42 42 41 42 46 53 54 56 53 51 49 50 54 56 57 55 54 57 59 63 64 61 59 57 56 58 62 66 69 72 67 59 54 52 53 54 56 54 53 53 53 50 49 49 47 46 47 43 44 43 41 42 43 42 46 47 47 47 46 48 48 48 49 47 49 51 51 49 49 49 51 51 50 50 51 51 51 52 53 53 54 53 54 53 54
30 31 32 33 33 34 36 38 41 42 43 43 44 45 44 45 46 47 51 48 47 48 50 52 53 57 55 54 57 58 61 62 62 61 59 58 60 66 69 69 68 64 57 53 54 54 55 57 57 60 58 57 53 51 52 49 47 48 48 45 43 41 42 45 44 45 46 48 48 47 47 49 49 50 48 47 49 51 51 50 49 52 51 51 52 50 52 52 53 53 55 57 54 54 55 55
31 32 32 32 33 34 36 41 43 44 45 46 47 46 45 46 45 43 47 48 48 49 51 52 54 57 55 58 61 61 60 62 64 64 64 63 61 66 69 67 64 60 57 56 58 59 59 59 63 64 62 57 54 53 53 50 49 49 48 47 44 42 43 44 45 46 45 45 47 50 48 45 48 50 47 48 48 51 50 50 50 52 53 51 53 52 53 53 52 54 54 55 55 56 55 54
31 31 32 32 32 35 38 42 46 45 47 47 50 49 47 49 48 46 47 48 49 51 53 56 56 57 56 61 62 60 60 61 64 65 65 62 63 66 67 64 64 62 58 59 63 66 67 65 66 66 61 58 56 54 54 52 50 51 50 47 45 43 44 45 45 46 47 46 47 47 48 47 47 46 47 48 47 51 50 52 52 52 52 50 54 56 55 55 54 55 54 54 53 54 54 54
30 31 31 32 35 36 38 42 46 47 46 46 50 52 53 55 50 48 49 50 53 59 58 58 57 58 55 61 63 63 62 64 65 66 66 64 65 66 65 62 65 63 59 61 66 70 72 71 69 69 62 60 59 57 54 54 51 51 49 48 47 44 44 43 45 46 46 47 46 47 48 48 49 49 51 48 48 49 50 50 57 56 51 50 53 54 55 54 54 55 55 55 55 55 55 56
32 32 34 35 35 36 38 40 40 42 43 46 52 54 57 55 52 49 54 54 56 60 59 59 58 58 58 60 63 64 61 63 66 67 67 66 67 66 68 66 67 67 62 63 68 72 77 76 73 69 66 65 65 63 60 57 53 50 50 48 47 48 47 48 47 46 46 46 47 50 47 48 49 50 51 47 50 50 51 51 53 55 53 52 51 53 53 54 55 54 57 57 57 57 57 57
35 36 34 35 34 36 36 39 41 42 43 46 53 56 55 54 51 49 53 54 57 63 61 59 59 60 59 61 62 64 63 62 63 66 67 67 67 67 68 69 70 67 65 66 71 75 78 79 77 74 70 69 67 66 62 59 55 51 50 51 48 49 48 48 46 47 45 47 49 48 46 49 50 49 51 49 50 50 50 50 51 51 53 52 51 51 53 54 54 56 56 56 57 57 59 58
36 39 38 38 38 41 37 38 42 43 45 46 51 54 54 52 51 53 54 57 59 64 63 61 59 61 61 64 66 65 64 65 65 64 67 67 69 70 69 74 73 67 67 69 74 75 76 77 78 76 72 68 65 66 61 57 54 53 51 50 50 49 48 49 47 46 47 48 48 48 49 52 51 49 50 51 50 51 51 51 51 52 51 51 51 52 53 55 54 55 55 55 56 58 58 59
38 40 39 41 40 40 40 41 43 48 51 48 48 54 57 54 53 56 59 61 63 65 65 61 60 61 63 66 68 67 67 66 67 67 69 68 69 70 70 73 73 69 73 74 74 73 70 71 71 72 70 66 64 60 58 56 54 53 52 52 50 50 49 48 47 49 51 49 49 50 48 49 51 49 50 52 55 54 55 52 52 52 50 52 53 53 57 55 54 56 56 57 57 57 56 59
42 42 42 44 44 39 39 42 48 51 55 52 52 54 56 55 55 56 59 60 65 65 65 64 62 61 63 67 70 70 70 68 68 67 68 68 69 71 73 75 74 74 76 79 76 75 70 68 68 68 66 63 60 58 54 52 52 52 52 52 50 49 50 51 51 52 54 54 50 48 48 51 52 52 51 50 54 54 55 53 54 52 52 53 53 55 55 53 54 55 55 56 57 57 57 59
42 48 47 46 44 40 40 43 46 49 55 56 53 54 55 57 59 59 58 61 63 64 67 65 63 63 65 66 69 70 71 70 70 69 68 68 71 73 76 81 83 82 80 80 75 74 73 70 67 65 63 61 60 57 55 55 52 50 52 50 52 49 51 51 51 50 52 50 49 51 52 53 53 53 52 50 53 54 53 54 54 53 53 53 53 53 54 54 53 54 53 54 56 56 56 56
42 46 46 47 42 40 42 42 44 49 55 58 55 55 60 61 61 61 60 58 58 61 63 64 61 62 62 65 67 70 72 72 74 72 71 71 73 76 77 81 86 89 83 79 74 70 67 66 66 65 63 62 60 57 55 54 52 53 53 51 49 50 50 49 50 51 50 50 51 52 54 53 53 50 52 50 52 51 53 53 54 54 54 55 55 54 54 55 55 55 54 54 55 57 56 57
43 48 48 48 46 43 42 42 44 51 56 61 61 58 63 62 64 64 65 61 59 62 64 63 63 65 67 67 68 70 71 75 78 73 72 73 75 78 79 84 87 88 85 79 74 69 66 66 64 63 62 61 59 57 55 54 54 54 52 53 49 49 50 50 50 52 49 53 53 53 54 53 52 51 52 52 49 50 53 53 52 53 55 57 57 55 55 55 56 56 56 55 56 58 56 57
43 46 47 50 49 47 47 47 47 50 57 62 66 63 60 62 65 67 66 63 63 63 64 66 66 66 66 65 66 70 72 74 77 75 76 76 76 79 81 85 84 84 78 75 73 68 70 70 68 65 62 61 58 57 59 56 52 53 52 52 52 51 49 48 50 49 49 52 52 53 53 54 52 51 51 51 48 50 53 53 54 53 54 58 60 57 57 56 55 56 56 54 56 60 59 58
42 44 48 49 48 52 56 52 47 50 54 60 64 61 58 61 63 66 66 63 61 64 65 66 66 66 67 66 68 71 72 73 74 75 77 80 79 80 82 83 87 88 82 75 75 74 75 72 66 62 64 62 62 59 59 55 54 53 52 51 52 50 50 51 52 49 51 53 53 55 56 55 52 50 51 52 51 51 51 53 53 53 57 57 59 58 57 57 56 57 58 58 59 59 59 59
45 45 50 52 54 57 61 58 53 50 51 57 60 58 58 61 66 70 68 65 63 63 65 67 67 66 66 67 69 73 75 75 75 76 78 80 83 82 85 88 91 88 81 77 78 78 77 73 68 66 64 63 62 60 59 56 54 54 53 52 52 52 50 50 52 53 53 53 53 54 55 55 53 50 50 51 52 51 52 52 51 55 58 57 58 59 58 57 57 59 58 58 58 59 59 59
48 48 51 53 57 58 58 58 56 55 49 52 54 56 58 62 64 68 68 67 66 65 66 67 68 68 68 69 71 74 76 77 77 77 79 81 82 84 84 87 90 88 86 82 80 80 77 74 71 68 66 62 61 58 57 55 55 57 55 55 53 52 52 52 51 53 54 55 54 54 55 55 53 50 51 51 50 52 53 52 54 57 57 57 57 58 58 57 59 58 57 56 58 59 59 60
48 48 52 54 60 63 65 62 61 61 57 57 56 58 62 66 66 68 68 69 68 69 68 69 70 70 71 73 73 74 76 77 77 82 83 82 83 83 85 86 90 88 84 80 77 76 76 74 69 65 64 61 61 61 57 57 59 59 57 56 56 54 54 52 51 51 55 54 54 54 53 53 52 51 51 51 50 53 54 53 55 57 58 56 57 58 57 57 57 59 57 57 58 60 60 60
44 46 48 54 60 62 61 61 64 65 64 63 61 61 66 67 69 71 68 68 67 67 67 71 75 73 71 72 73 73 75 78 80 82 85 86 87 87 87 87 90 92 86 81 75 73 72 69 67 65 61 60 60 60 61 60 60 60 58 56 56 56 54 53 51 51 52 52 52 53 52 51 52 51 50 52 52 53 54 54 55 56 56 55 56 57 57 56 57 58 58 58 57 58 58 59
45 46 47 51 55 55 55 59 64 68 65 64 63 63 64 65 67 71 67 65 65 65 67 69 72 71 69 71 73 75 76 77 81 86 86 85 87 86 86 88 93 93 87 81 76 70 70 66 64 64 62 63 64 64 64 63 63 60 59 56 53 53 52 52 50 50 53 53 53 53 53 52 52 51 51 51 54 54 55 53 54 55 56 56 57 57 56 56 56 58 57 57 58 59 59 60
46 46 47 50 53 53 56 61 68 70 66 63 63 63 65 66 66 65 63 63 65 66 68 68 69 68 69 73 74 76 78 77 81 82 82 84 87 91 90 88 87 85 83 77 73 71 70 68 65 65 67 68 68 67 66 63 61 57 59 56 53 54 52 54 52 51 53 52 53 53 53 52 52 51 51 51 52 52 54 53 52 54 54 55 54 55 55 55 56 56 56 57 58 59 59 60
46 46 47 49 50 53 57 64 70 73 70 65 64 62 67 72 67 61 61 62 63 65 70 70 69 67 68 71 74 77 76 74 76 77 80 85 88 93 93 90 84 81 78 76 76 76 73 72 67 69 70 69 67 65 63 61 60 60 63 60 56 55 54 56 52 53 54 55 54 54 54 52 52 53 53 53 52 51 51 51 52 53 55 55 55 56 54 54 55 55 55 56 56 57 57 59
46 46 46 48 50 54 60 65 69 72 69 66 64 62 63 65 64 60 61 61 62 64 67 67 66 64 67 70 71 72 72 73 74 77 80 85 84 92 97 93 87 81 82 83 80 78 77 78 74 75 73 71 68 65 62 62 59 61 60 59 57 55 54 55 54 53 54 55 55 55 54 53 53 55 54 53 55 53 54 54 52 52 53 54 55 53 53 55 54 54 55 55 57 57 56 57
41 45 47 49 54 55 58 63 62 65 65 64 63 61 60 62 61 59 60 59 61 61 64 64 65 62 66 67 67 69 71 73 73 78 78 83 86 90 98 94 88 88 90 87 84 81 85 84 81 80 77 74 68 65 63 64 66 63 61 59 56 54 55 57 57 57 53 53 54 55 54 53 54 56 55 53 54 55 61 67 55 54 54 53 53 54 56 57 58 56 56 56 58 59 58 58
41 42 46 47 50 54 56 59 58 61 65 63 63 64 61 59 60 59 60 61 61 60 61 62 64 66 67 68 69 69 72 78 80 80 81 80 83 89 92 93 92 92 89 85 82 86 90 85 77 74 70 70 66 63 66 68 63 62 59 59 59 58 59 60 61 59 55 52 53 56 55 54 55 57 57 55 56 59 63 59 60 55 54 54 55 56 55 57 58 58 58 58 59 60 62 60
44 44 45 47 50 51 52 53 56 60 62 61 61 63 60 58 59 58 61 62 61 63 64 66 69 69 72 74 71 71 72 77 81 83 86 86 83 87 90 91 94 92 87 84 83 83 81 79 75 71 68 68 67 67 69 67 63 62 62 61 60 61 64 65 63 59 55 53 52 55 54 55 56 58 57 54 57 58 64 56 53 57 54 55 56 56 54 57 57 58 59 59 58 60 63 60
46 47 50 50 49 51 52 55 60 62 61 59 55 57 56 58 57 58 60 62 63 65 66 68 70 74 78 77 76 74 73 78 83 90 91 92 92 90 92 96 97 92 86 82 79 76 75 76 75 71 73 72 73 71 68 66 64 64 63 61 61 63 66 64 62 59 56 54 53 53 55 56 56 55 55 55 57 57 58 55 56 57 54 55 55 56 54 56 57 58 59 60 60 60 62 62
48 51 52 51 53 52 54 58 62 60 60 60 56 55 55 57 57 58 58 59 62 64 64 67 71 79 83 82 80 80 76 78 82 88 93 96 98 93 93 97 96 87 85 83 78 77 77 77 82 82 81 79 79 78 72 69 66 65 64 65 63 63 65 62 60 57 56 54 54 54 55 56 56 55 57 58 58 56 57 57 57 57 54 56 54 54 54 55 57 58 59 60 64 62 61 62
47 51 52 54 55 54 56 58 58 56 57 57 55 54 53 57 58 58 60 61 62 64 65 67 73 79 82 85 87 86 81 80 82 86 92 96 98 98 97 98 97 93 91 88 84 81 81 80 88 86 83 86 80 77 75 71 69 66 67 66 66 64 62 61 59 57 56 55 55 55 56 57 57 58 58 55 57 57 59 59 57 55 56 57 55 54 55 55 57 57 60 61 64 65 63 61
47 49 50 50 54 55 57 57 56 54 53 54 55 53 54 59 59 60 61 61 64 66 66 68 71 74 77 83 88 89 83 86 87 87 87 92 95 99 102 102 99 98 96 92 88 83 84 85 87 85 82 81 77 74 73 72 71 70 72 71 69 64 62 60 59 55 56 56 55 55 57 58 57 57 58 59 58 58 59 57 57 57 58 56 57 56 57 56 57 58 60 60 62 65 65 63
46 46 50 51 53 55 56 54 54 53 51 53 54 56 57 60 60 60 61 61 64 66 68 70 71 75 79 83 90 94 89 90 93 96 95 93 97 101 101 101 98 97 96 90 88 88 90 92 91 90 86 84 76 73 70 70 71 69 69 70 68 63 62 59 58 56 56 58 57 56 58 59 57 58 58 59 58 60 60 59 59 58 57 57 56 56 56 56 56 57 59 60 63 65 67 66
47 47 48 49 52 57 55 53 51 51 50 53 55 58 59 60 62 64 64 63 63 64 67 70 74 79 84 88 91 94 90 90 96 101 103 100 100 103 102 101 97 96 95 92 90 92 93 92 88 89 84 80 78 74 73 70 69 67 66 67 67 63 62 59 58 59 59 57 58 57 59 60 57 58 58 58 59 59 59 59 59 59 58 58 57 56 55 55 56 56 58 59 63 64 67 66
44 45 46 48 52 54 54 52 49 49 49 51 54 55 57 58 64 75 79 71 66 64 67 68 72 76 82 85 85 84 83 85 89 95 100 104 104 102 101 100 96 94 94 98 98 96 98 103 93 82 80 79 78 78 78 72 68 66 66 64 63 63 62 61 60 61 59 56 56 57 59 59 60 58 57 60 59 60 61 61 61 62 60 59 59 57 55 57 56 57 57 59 61 63 67 68
45 45 47 48 50 50 52 51 49 50 51 51 53 54 56 60 63 75 85 81 70 68 68 70 70 73 75 75 76 77 80 85 88 94 101 103 100 100 102 99 96 93 93 98 97 94 90 89 87 82 79 74 72 73 75 70 68 66 65 64 64 63 62 59 60 61 56 56 56 57 59 58 60 58 59 60 61 60 59 60 61 61 58 59 58 57 55 54 55 57 57 58 59 61 64 66
45 47 47 47 49 49 48 47 48 50 50 51 53 57 60 62 65 71 79 79 71 71 73 75 77 75 76 78 78 81 85 94 96 99 102 100 97 97 100 98 95 93 92 92 93 89 85 84 83 80 77 73 72 72 71 70 69 68 65 64 62 62 61 61 60 59 57 56 58 58 59 60 59 58 59 61 60 60 59 59 59 60 61 60 60 60 60 56 58 58 57 58 59 61 63 67
46 46 46 45 46 47 48 47 48 50 51 52 53 58 60 60 63 65 68 71 74 75 76 77 79 82 83 86 83 89 97 100 102 102 102 99 94 95 97 95 94 91 88 89 91 88 83 81 79 77 76 74 72 71 70 72 71 70 70 67 63 63 63 61 59 58 57 58 58 59 59 62 61 60 60 61 61 60 60 60 60 60 61 60 61 60 59 60 59 58 58 59 59 61 63 66
47 48 48 48 49 48 49 51 52 52 51 54 54 56 58 58 60 64 67 68 74 79 81 82 82 86 88 92 90 96 99 104 102 100 98 94 92 91 93 92 92 91 90 88 87 85 85 82 81 79 77 78 75 75 73 72 69 72 72 69 66 63 63 60 57 57 58 57 59 61 62 62 60 60 59 60 60 59 59 60 61 62 62 62 60 61 61 62 61 59 60 59 58 62 63 65
52 53 55 50 51 50 51 52 54 55 54 52 53 56 57 59 60 63 66 69 72 75 82 87 87 88 86 86 90 97 101 103 103 101 96 92 90 91 90 92 91 91 89 85 85 86 87 88 87 83 81 80 80 76 73 73 72 75 71 68 65 62 61 60 58 58 58 57 59 62 62 61 62 63 61 60 61 61 60 60 61 64 62 61 61 59 63 60 61 61 60 57 58 59 61 64
